0 0.42949901834862403 0.11496090825688073 0.12587455045871573 0.22992181651376145
0 0.3464449541284404 0.2055045871559633 0.09426605504587159 0.13394495412844035
0 0.27178899082568825 0.10366972477064222 0.08394495412844016 0.11009174311926608
0 0.2642201834862385 0.27889908256880735 0.08944954128440369 0.11376146788990826
0 0.19610091743119265 0.2720183486238532 0.07293577981651377 0.10183486238532112
0 0.14690366972477065 0.2963302752293578 0.06399082568807339 0.10642201834862383
0 0.181651376146789 0.1651376146788991 0.10871559633027522 0.10642201834862386
0 0.7709862385321102 0.27155963302752295 0.08463302752293586 0.10458715596330272
0 0.777178899082569 0.48211009174311925 0.10940366972477066 0.1477064220183486
0 0.680848623853211 0.5247706422018349 0.11903669724770652 0.17064220183486242
0 0.6268348623853212 0.7155963302752294 0.15137614678899083 0.1577981651376147
0 0.7737385321100918 0.7013761467889909 0.11215596330275218 0.12752293577981655
0 0.7530963302752294 0.8619266055045871 0.09564220183486243 0.1293577981651376
0 0.6388761467889909 0.9440366972477066 0.10802752293577982 0.11192660550458712
0 0.5497706422018349 0.8178899082568808 0.11834862385321103 0.2761467889908258
0 0.3443807339449541 0.8770642201834863 0.07912844036697247 0.09724770642201847
0 0.28211009174311924 0.8720183486238533 0.08256880733944953 0.10733944954128447
0 0.1565366972477064 0.8142201834862385 0.08050458715596331 0.0834862385321101
