0 0.374727 0.189204 0.09767900000000002 0.166896
0 0.48293800000000003 0.066405 0.082625 0.13281
0 0.273037 0.143689 0.097818 0.18195700000000004
0 0.5604357798165138 0.16192660550458718 0.09288990825688068 0.27981651376146793
0 0.769954128440367 0.2775229357798165 0.08807339449541289 0.11467889908256876
0 0.7685779816513761 0.4889908256880734 0.1211009174311927 0.1412844036697247
0 0.7778669724770643 0.708256880733945 0.0915137614678899 0.11743119266055047
0 0.7603211009174312 0.8577981651376149 0.08394495412844037 0.12293577981651381
0 0.619954128440367 0.946788990825688 0.07981651376146787 0.10642201834862391
0 0.3436926605504587 0.8784403669724771 0.08050458715596331 0.0834862385321101
0 0.276605504587156 0.8711009174311927 0.08394495412844041 0.10183486238532112
0 0.15584862385321102 0.8105504587155963 0.08600917431192662 0.11284403669724781
0 0.1444954128440367 0.28715596330275234 0.056422018348623856 0.08256880733944957
0 0.20160550458715565 0.2922018348623852 0.07431192660550451 0.15688073394495455
0 0.26903669724770646 0.24724770642201835 0.094954128440367 0.1422018348623853
0 0.175802752293578 0.16192660550458718 0.09013761467889912 0.11284403669724771
