0 0.7730504587155963 0.2775229357798165 0.09288990825688061 0.10733944954128435
0 0.7733944954128441 0.48669724770642203 0.08807339449541274 0.13302752293577974
0 0.6815366972477065 0.47477064220183485 0.09977064220183493 0.15688073394495405
0 0.7775229357798166 0.7100917431192661 0.08119266055045869 0.110091743119266
0 0.6371559633027524 0.7532110091743119 0.11972477064220186 0.16330275229357796
0 0.7555045871559634 0.8678899082568806 0.08669724770642205 0.10275229357798167
0 0.6326834862385311 0.9192660550458714 0.10389908256880723 0.1009174311926603
0 0.3522935779816514 0.8908256880733947 0.09220183486238533 0.11926605504587158
0 0.2704128440366973 0.8458715596330276 0.0701834862385321 0.089908256880734
0 0.1596330275229358 0.7995412844036697 0.09082568807339449 0.10183486238532112
0 0.21399082568807345 0.706422018348624 0.10733944954128445 0.0733944954128441
0 0.11559633027522935 0.5770642201834861 0.06192660550458716 0.1137614678899083
0 0.14415137614678902 0.29724770642201837 0.06811926605504588 0.06055045871559634
0 0.16341743119266056 0.1591743119266055 0.07912844036697246 0.1
0 0.26938073394495415 0.10321100917431192 0.10389908256880737 0.14403669724770643
0 0.35091743119266056 0.21972477064220186 0.08669724770642201 0.11467889908256883
0 0.2676605504587156 0.2614678899082569 0.0825688073394496 0.12293577981651378
0 0.19541284403669723 0.26422018348623855 0.06330275229357796 0.10642201834862383
0 0.03922018348623853 0.38715596330275226 0.06743119266055045 0.06055045871559634
0 0.4878440366972478 0.07431192660550456 0.08394495412844032 0.14862385321100913
0 0.5944954128440365 0.07339449541284403 0.08532110091743153 0.12110091743119264
