0 0.584602 0.313403 0.114876 0.248019
0 0.476221 0.052858 0.092116 0.105716
0 0.7761467889908258 0.2821100917431193 0.11697247706422004 0.12935779816513765
0 0.7778669724770643 0.4912844036697247 0.09288990825688075 0.13119266055045864
0 0.6780963302752295 0.48027522935779815 0.11353211009174358 0.16422018348623843
0 0.6254587155963303 0.48394495412844035 0.01651376146788998 0.002752293577981675
0 0.778211009174312 0.7077981651376146 0.09633027522935776 0.13302752293577982
0 0.752408256880734 0.8669724770642203 0.09701834862385357 0.10642201834862355
0 0.634059633027523 0.9192660550458716 0.09288990825688075 0.10642201834862391
0 0.6454128440366972 0.7504587155963304 0.13073394495412835 0.16513761467889906
0 0.35057339449541286 0.8706422018348624 0.08325688073394495 0.08073394495412856
0 0.267316513761468 0.8555045871559633 0.08876146788990828 0.1000000000000002
0 0.16341743119266056 0.8032110091743118 0.09288990825688075 0.08532110091743121
0 0.055389908256880734 0.4701834862385321 0.06261467889908257 0.057798165137614675
0 0.05435779816513762 0.35963302752293586 0.07431192660550458 0.05871559633027523
0 0.04128440366972477 0.39403669724770646 0.07431192660550459 0.06697247706422019
0 0.1482798165137615 0.29678899082568805 0.07362385321100919 0.06513761467889903
0 0.1954128440366973 0.2444954128440367 0.06467889908256882 0.1073394495412844
0 0.26009174311926614 0.27431192660550446 0.0935779816513762 0.148623853211009
0 0.34438073394495416 0.21697247706422018 0.0915137614678899 0.13486238532110092
0 0.2631880733944954 0.11926605504587158 0.10389908256880737 0.12477064220183488
0 0.1761467889908257 0.16376146788990828 0.09908256880733944 0.10917431192660551
0 0.5944954128440367 0.08440366972477065 0.10183486238532112 0.16880733944954127
