0 0.479317 0.111356 0.088126 0.222712
0 0.394997 0.19054499999999996 0.12428500000000002 0.163463
0 0.2738532110091743 0.27935779816513767 0.094954128440367 0.14954128440366976
0 0.189908256880734 0.2660550458715597 0.08119266055045873 0.1211009174311926
0 0.15344036697247707 0.1761467889908257 0.11009174311926605 0.11009174311926608
0 0.13933486238532108 0.29908256880733947 0.059862385321100914 0.06055045871559631
0 0.041284403669724766 0.3871559633027523 0.07293577981651377 0.062385321100917455
0 0.05470183486238529 0.4738532110091741 0.04472477064220184 0.06330275229357803
0 0.15412844036697249 0.8055045871559634 0.09495412844036698 0.09541284403669735
0 0.2738532110091743 0.8669724770642202 0.07706422018348622 0.10825688073394503
0 0.3412844036697248 0.8743119266055046 0.08532110091743114 0.09174311926605512
0 0.643348623853211 0.7550458715596331 0.11009174311926614 0.15229357798165125
0 0.7730504587155963 0.7105504587155963 0.09701834862385311 0.12752293577981655
0 0.7575688073394495 0.8646788990825688 0.07293577981651367 0.10183486238532112
0 0.6319954128440367 0.9197247706422018 0.08188073394495418 0.1
0 0.6732798165137615 0.4811926605504587 0.11903669724770652 0.1788990825688073
0 0.7692660550458715 0.47981651376146783 0.10045871559633014 0.13944954128440357
0 0.7720183486238531 0.2761467889908257 0.08807339449541274 0.09541284403669721
0 0.5900229357798163 0.08302752293577974 0.0873853211009172 0.138532110091743
