0 0.382434 0.188457 0.1008 0.167929
0 0.691431 0.151237 0.11638900000000002 0.154892
0 0.768854 0.24278799999999998 0.096149 0.11899100000000001
0 0.48199541284403674 0.06467889908256881 0.10802752293577982 0.12935779816513762
0 0.27522935779816515 0.11284403669724771 0.08532110091743121 0.13394495412844037
0 0.2690366972477065 0.28073394495412846 0.08944954128440369 0.13944954128440365
0 0.19988532110091747 0.2564220183486239 0.07087155963302752 0.11834862385321103
0 0.15378440366972476 0.30091743119266057 0.0653669724770642 0.10458715596330276
0 0.17855504587155963 0.15733944954128443 0.0956422018348624 0.10550458715596331
0 0.16100917431192663 0.8041284403669725 0.08532110091743117 0.09633027522935776
0 0.2755733944954129 0.8605504587155963 0.07224770642201836 0.10458715596330265
0 0.351605504587156 0.8885321100917432 0.08807339449541289 0.10183486238532097
0 0.6178899082568807 0.9435779816513761 0.08394495412844037 0.11284403669724767
0 0.7575688073394495 0.8555045871559632 0.09908256880733944 0.12385321100917436
0 0.7905963302752278 0.6899082568807339 0.09082568807339446 0.11926605504587184
0 0.7727064220183487 0.48715596330275224 0.09495412844036694 0.13944954128440357
