0 0.599564 0.078261 0.086192 0.130464
0 0.49369266055045863 0.06330275229357801 0.0873853211009172 0.12293577981651381
0 0.41146788990825683 0.0908256880733945 0.11284403669724774 0.08440366972477065
0 0.27178899082568814 0.12477064220183486 0.0935779816513762 0.10825688073394496
0 0.16582568807339448 0.17889908256880738 0.09495412844036696 0.10642201834862387
0 0.2680045871559633 0.2830275229357799 0.08050458715596336 0.13669724770642205
0 0.33818807339449536 0.22614678899082555 0.098394495412844 0.1
0 0.15412844036697243 0.3013761467889907 0.07293577981651365 0.08348623853211025
0 0.06158256880733944 0.31513761467889906 0.07912844036697247 0.07798165137614685
0 0.05538990825688075 0.4729357798165138 0.051605504587155966 0.06146788990825692
0 0.11697247706422025 0.569266055045871 0.0770642201834863 0.12752293577981655
0 0.2188073394495413 0.6880733944954127 0.12385321100917433 0.10091743119266049
0 0.1603211009174312 0.8091743119266056 0.08394495412844036 0.0825688073394494
0 0.2714449541284404 0.8408256880733945 0.08050458715596331 0.07798165137614706
0 0.3481651376146789 0.8834862385321103 0.09082568807339449 0.089908256880734
0 0.6333715596330275 0.9183486238532111 0.10114678899082577 0.09357798165137624
0 0.752408256880734 0.8582568807339448 0.07912844036697254 0.12018348623853185
0 0.7830275229357798 0.7100917431192661 0.08256880733944953 0.12844036697247702
0 0.6385321100917432 0.7527522935779817 0.11834862385321095 0.16055045871559628
0 0.7764908256880735 0.48440366972477056 0.09426605504587143 0.14495412844036693
0 0.6777522935779817 0.5022935779816514 0.11009174311926614 0.13486238532110092
0 0.7740825688073394 0.27064220183486243 0.0977064220183486 0.09357798165137612
