0 0.37189900000000004 0.184901 0.126312 0.178357
0 0.590042 0.071755 0.078807 0.12150999999999999
0 0.2645642201834863 0.28715596330275234 0.0915137614678899 0.15412844036697249
0 0.19644495412844037 0.24862385321100916 0.06949541284403672 0.12293577981651378
0 0.1709862385321101 0.15688073394495416 0.09288990825688075 0.09174311926605506
0 0.14415137614678902 0.2935779816513761 0.07500000000000001 0.07155963302752291
0 0.08910550458715598 0.2564220183486238 0.10389908256880735 0.08899082568807341
0 0.041284403669724766 0.3756880733944954 0.060550458715596334 0.0724770642201834
0 0.169954128440367 0.8036697247706422 0.10733944954128444 0.08623853211009176
0 0.2738532110091743 0.8683486238532109 0.07981651376146787 0.1165137614678899
0 0.34472477064220186 0.8752293577981652 0.07568807339449542 0.10642201834862391
0 0.21227064220183486 0.7100917431192661 0.09151376146788995 0.0678899082568806
0 0.527408256880734 0.7944954128440369 0.10527522935779814 0.21651376146788992
0 0.6412844036697248 0.7522935779816513 0.11284403669724767 0.14311926605504582
0 0.7709862385321102 0.7055045871559633 0.09977064220183493 0.10275229357798167
0 0.7541284403669725 0.8692660550458716 0.08532110091743107 0.08899082568807358
0 0.6313073394495413 0.9229357798165139 0.08325688073394495 0.10275229357798167
0 0.6732798165137615 0.5077981651376147 0.1341743119266056 0.12568807339449534
0 0.7764908256880733 0.48715596330275224 0.10114678899082563 0.16146788990825683
0 0.7751146788990826 0.27477064220183484 0.09426605504587159 0.1293577981651376
0 0.4954128440366972 0.07155963302752294 0.0894495412844038 0.14311926605504588
