0 0.4025229357798166 0.09036697247706423 0.08532110091743128 0.0779816513761468
0 0.48612385321100915 0.06422018348623854 0.07224770642201833 0.12844036697247707
0 0.592431192660551 0.08715596330275231 0.08119266055045873 0.144954128440367
0 0.7720183486238532 0.27889908256880735 0.0922018348623854 0.11376146788990826
0 0.7713302752293578 0.48715596330275235 0.07568807339449535 0.1284403669724771
0 0.6787844036697248 0.4738532110091744 0.0915137614678899 0.1403669724770642
0 0.7778669724770643 0.7123853211009173 0.08325688073394488 0.10733944954128447
0 0.6443807339449542 0.756880733944954 0.11077981651376156 0.14678899082568805
0 0.7530963302752295 0.8692660550458714 0.07912844036697252 0.07798165137614674
0 0.6313073394495414 0.9206422018348625 0.08325688073394497 0.09266055045871563
0 0.3471330275229358 0.8954128440366972 0.07499999999999997 0.08440366972477065
0 0.2573394495412844 0.8536697247706422 0.07706422018348626 0.07431192660550451
0 0.15584862385321102 0.8096330275229358 0.07362385321100919 0.07431192660550451
0 0.11800458715596329 0.5770642201834862 0.075 0.11743119266055047
0 0.05194954128440367 0.48440366972477067 0.05573394495412844 0.08073394495412842
0 0.08704128440366972 0.2706422018348624 0.09013761467889908 0.06972477064220178
0 0.268348623853211 0.27844036697247704 0.07568807339449542 0.11467889908256879
0 0.20711009174311926 0.24541284403669725 0.06467889908256882 0.09816513761467888
0 0.24736238532110089 0.13807339449541284 0.08600917431192663 0.08715596330275228
0 0.18096330275229364 0.15229357798165133 0.04816513761467891 0.08073394495412839
