0 0.592159 0.069476 0.075458 0.129418
0 0.485209 0.8248739999999999 0.09234100000000002 0.261427
0 0.343993 0.177594 0.08622999999999999 0.183575
0 0.6440366972477062 0.7467889908256877 0.13211009174311922 0.13944954128440437
0 0.7802752293577981 0.7022935779816514 0.10871559633027517 0.11467889908256894
0 0.75 0.8669724770642202 0.0866972477064219 0.0825688073394494
0 0.6306192660550459 0.9243119266055047 0.08738532110091747 0.08899082568807344
0 0.34472477064220186 0.8752293577981652 0.07431192660550455 0.08440366972477065
0 0.27522935779816515 0.8655963302752293 0.0798165137614679 0.09816513761467888
0 0.16307339449541286 0.8105504587155963 0.08119266055045869 0.07064220183486228
0 0.21158256880733944 0.708256880733945 0.09013761467889911 0.06605504587155962
0 0.14277522935779813 0.2866972477064216 0.07362385321100931 0.07981651376146784
0 0.1954128440366973 0.25321100917431194 0.08256880733944957 0.10825688073394492
0 0.2728211009174312 0.27935779816513767 0.08600917431192659 0.13119266055045872
0 0.27419724770642206 0.10779816513761467 0.09013761467889907 0.1165137614678899
0 0.17442660550458716 0.15321100917431196 0.08600917431192662 0.09908256880733946
0 0.03818807339449541 0.3903669724770639 0.06811926605504587 0.07981651376146785
0 0.4881880733944955 0.06422018348623854 0.09564220183486234 0.12660550458715597
0 0.784059633027523 0.27522935779816515 0.1038990825688073 0.11559633027522938
0 0.7775229357798166 0.4807339449541284 0.11284403669724781 0.12660550458715591
0 0.6798165137614679 0.48302752293577983 0.10596330275229363 0.16422018348623843
