0 0.3495667064220186 0.22311392660550466 0.07125830275229322 0.10361003669724755
0 0.29815072477064214 0.15713429357798167 0.0987782568807341 0.10403731192660545
0 0.25974770642201833 0.26513761467889907 0.09701834862385322 0.14311926605504582
0 0.16788990825688072 0.28761467889908254 0.06605504587155962 0.06513761467889907
0 0.1751146788990826 0.16834862385321103 0.10665137614678902 0.0926605504587156
0 0.11422018348623852 0.2261467889908257 0.09495412844036696 0.09816513761467888
0 0.050917431192660546 0.3472477064220183 0.08119266055045872 0.07247706422018346
0 0.10011467889908257 0.5834862385321101 0.07637614678899082 0.13211009174311925
0 0.16892201834862383 0.8096330275229358 0.09564220183486238 0.10366972477064224
0 0.2800458715596331 0.8683486238532109 0.07155963302752298 0.12018348623853212
0 0.35126146788990825 0.893119266055046 0.07087155963302756 0.10550458715596321
0 0.622362385321101 0.9509174311926606 0.07362385321100916 0.09816513761467888
0 0.7513761467889908 0.8733944954128441 0.07844036697247703 0.1009174311926607
0 0.8022935779816512 0.6481651376146789 0.07155963302752298 0.07981651376146794
0 0.6419724770642202 0.7692660550458715 0.10733944954128447 0.1752293577981652
0 0.7737385321100919 0.4958715596330275 0.11903669724770637 0.1403669724770642
0 0.7310779816513763 0.6788990825688073 0.1809633027522935 0.13577981651376148
0 0.49059633027522936 0.06926605504587158 0.09770642201834853 0.13853211009174313
