0 0.579754 0.454383 0.11835 0.17364100000000002
0 0.772018348623853 0.7027522935779816 0.11284403669724886 0.12110091743119211
0 0.7551605504587157 0.8724770642201836 0.075 0.09541284403669735
0 0.6306192660550459 0.9495412844036697 0.11766055045871561 0.09908256880733944
0 0.7727064220183487 0.27981651376146793 0.10321100917431196 0.11192660550458715
0 0.4785550458715596 0.06972477064220184 0.09288990825688075 0.13944954128440368
0 0.3485091743119266 0.21376146788990827 0.08600917431192663 0.12293577981651377
0 0.27419724770642206 0.10688073394495413 0.09426605504587161 0.12935779816513762
0 0.25252293577981655 0.28715596330275234 0.10321100917431196 0.1321100917431193
0 0.20160550458715598 0.2743119266055046 0.06055045871559635 0.09541284403669721
0 0.14105504587155962 0.29541284403669726 0.057798165137614675 0.09908256880733948
0 0.181651376146789 0.16605504587155961 0.11009174311926608 0.08990825688073396
0 0.16204128440366972 0.8 0.10665137614678902 0.08623853211009162
0 0.27006880733944955 0.8669724770642202 0.08463302752293575 0.09541284403669721
0 0.345756880733945 0.8720183486238533 0.07912844036697235 0.09449541284403667
