0 0.6357798165137616 0.7490825688073393 0.1183486238532112 0.1532110091743119
0 0.7830275229357798 0.703211009174312 0.09633027522935776 0.10183486238532112
0 0.7568807339449541 0.8701834862385321 0.08532110091743107 0.0889908256880733
0 0.631651376146789 0.9174311926605505 0.08669724770642205 0.09908256880733944
0 0.3522935779816514 0.8931192660550458 0.0949541284403669 0.1
0 0.273165137614679 0.8477064220183488 0.08807339449541285 0.09357798165137624
0 0.16204128440366972 0.8100917431192661 0.09013761467889907 0.09357798165137624
0 0.11490825688073394 0.5692660550458715 0.06743119266055046 0.11467889908256879
0 0.058142201834862385 0.4743119266055046 0.058486238532110095 0.06055045871559628
0 0.030619266055045866 0.3926605504587156 0.06123853211009174 0.051376146788990835
0 0.05504587155963304 0.36055045871559627 0.06605504587155964 0.06238532110091746
0 0.1434633027522936 0.29678899082568805 0.06536697247706423 0.07981651376146782
0 0.19403669724770645 0.2646788990825688 0.06330275229357796 0.1073394495412844
0 0.267316513761468 0.2614678899082568 0.0873853211009174 0.13577981651376145
0 0.3522935779816514 0.22431192660550459 0.08394495412844037 0.11284403669724771
0 0.17408256880733944 0.16100917431192663 0.08669724770642202 0.10550458715596331
0 0.27419724770642206 0.11605504587155963 0.10389908256880734 0.12935779816513762
0 0.48681192660550465 0.06834862385321101 0.08188073394495404 0.13669724770642203
0 0.5927752293577983 0.081651376146789 0.09564220183486256 0.14128440366972478
0 0.7737385321100918 0.27798165137614683 0.09839449541284409 0.09724770642201835
0 0.7771788990825688 0.486697247706422 0.10527522935779814 0.13669724770642191
0 0.6805045871559634 0.48027522935779826 0.10045871559633014 0.16788990825688083
