0 0.590115 0.071591 0.076996 0.122682
0 0.48612385321100915 0.06880733944954129 0.09564220183486234 0.12844036697247707
0 0.7706422018348624 0.2743119266055046 0.08944954128440358 0.08807339449541285
0 0.7713302752293578 0.4853211009174312 0.09082568807339456 0.1321100917431192
0 0.6770642201834862 0.47155963302752296 0.11009174311926608 0.17247706422018352
0 0.7788990825688075 0.7055045871559632 0.11009174311926614 0.13027522935779814
0 0.642316513761468 0.7518348623853212 0.12316513761467902 0.14954128440366987
0 0.7530963302752289 0.8715596330275236 0.07912844036697265 0.08256880733944953
0 0.6309633027522936 0.9477064220183488 0.1128440366972476 0.10458715596330265
0 0.5009174311926605 0.8435779816513761 0.1073394495412844 0.2633027522935778
0 0.3440366972477065 0.8788990825688074 0.07844036697247703 0.09724770642201847
0 0.2711009174311927 0.8376146788990826 0.10045871559633028 0.08807339449541289
0 0.1551605504587156 0.803211009174312 0.08876146788990825 0.08165137614678912
0 0.13795871559633027 0.29908256880733947 0.057110091743119276 0.10275229357798164
0 0.18474770642201835 0.28440366972477066 0.05573394495412845 0.1009174311926606
0 0.2600917431192661 0.294954128440367 0.10045871559633028 0.1587155963302752
0 0.3485091743119268 0.2018348623853209 0.08876146788990848 0.13761467889908244
0 0.27282110091743117 0.10366972477064222 0.0791284403669725 0.12110091743119264
0 0.17993119266055047 0.16100917431192663 0.1011467889908257 0.10000000000000002
