0 0.6326834862385321 0.758256880733945 0.11903669724770637 0.1642201834862385
0 0.7768348623853211 0.7050458715596329 0.0922018348623854 0.12385321100917437
0 0.7544724770642202 0.8545871559633028 0.07775229357798168 0.11467889908256879
0 0.6282110091743119 0.9206422018348625 0.09357798165137617 0.09633027522935791
0 0.6777522935779817 0.4788990825688073 0.10045871559633028 0.17064220183486234
0 0.7730504587155963 0.4880733944954128 0.09426605504587143 0.1412844036697247
0 0.7709862385321101 0.2848623853211009 0.10527522935779814 0.1275229357798165
0 0.5876146788990826 0.0779816513761468 0.10321100917431188 0.11743119266055047
0 0.48612385321100915 0.07155963302752294 0.07912844036697252 0.14311926605504588
0 0.3464449541284404 0.22293577981651377 0.08325688073394492 0.11926605504587158
0 0.26662844036697253 0.2706422018348624 0.09151376146788986 0.1596330275229358
0 0.27041284403669713 0.11972477064220181 0.08669724770642231 0.12385321100917432
0 0.17201834862385323 0.15733944954128443 0.08807339449541281 0.09816513761467892
0 0.1493119266055046 0.30091743119266057 0.08256880733944957 0.06972477064220182
0 0.19506880733944953 0.2389908256880734 0.07224770642201836 0.10366972477064224
0 0.048509174311926605 0.3577981651376147 0.06811926605504587 0.05321100917431196
0 0.0375 0.3926605504587157 0.07224770642201835 0.05871559633027523
0 0.05470183486238533 0.47477064220183485 0.0694954128440367 0.06880733944954116
0 0.118348623853211 0.5752293577981651 0.06743119266055048 0.10458715596330287
0 0.2215596330275229 0.6788990825688076 0.11146788990825694 0.11192660550458744
0 0.16100917431192663 0.8091743119266055 0.08394495412844037 0.10642201834862391
0 0.268348623853211 0.8449541284403671 0.07706422018348622 0.0788990825688073
0 0.35022935779816505 0.8857798165137615 0.08394495412844054 0.08165137614678898
