0 0.5896788990825688 0.4325688073394495 0.11009174311926608 0.2137614678899083
0 0.6794724770642206 0.4853211009174308 0.09839449541284448 0.19082568807339442
0 0.7799311926605506 0.4889908256880733 0.10252293577981662 0.1504587155963302
0 0.7713302752293578 0.28211009174311924 0.09082568807339442 0.12201834862385322
0 0.7727064220183487 0.706422018348624 0.0977064220183486 0.12293577981651381
0 0.6402522935779816 0.7518348623853212 0.13004587155963293 0.14587155963302734
0 0.7551605504587157 0.856880733944954 0.08325688073394502 0.11192660550458712
0 0.631651376146789 0.921559633027523 0.08532110091743128 0.10366972477064224
0 0.34816513761467893 0.8793577981651376 0.09220183486238528 0.0889908256880733
0 0.2711009174311927 0.8573394495412845 0.07844036697247705 0.09266055045871567
0 0.15584862385321102 0.8100917431192661 0.09013761467889908 0.09174311926605512
0 0.15 0.29541284403669726 0.07018348623853213 0.06972477064220187
0 0.26146788990825687 0.27064220183486243 0.07293577981651374 0.163302752293578
0 0.3443807339449541 0.22706422018348627 0.11215596330275229 0.10917431192660548
0 0.2659403669724771 0.12293577981651378 0.11490825688073401 0.12477064220183488
0 0.16720183486238532 0.17431192660550457 0.0977064220183486 0.13027522935779817
0 0.48887614678899083 0.07293577981651377 0.1011467889908257 0.14587155963302753
0 0.5951834862385321 0.08073394495412846 0.09357798165137617 0.15412844036697249
