0 0.3702079999999999 0.200239 0.08222999999999998 0.142216
0 0.33054063302752285 0.12579129357798158 0.12327926605504601 0.11720358715596334
0 0.6180361651376148 0.948213733944954 0.06906419266055024 0.1035725321100915
0 0.4881880733944955 0.06972477064220184 0.10802752293577982 0.13944954128440368
0 0.768922018348624 0.4889908256880733 0.09977064220183493 0.13944954128440365
0 0.7943807339449542 0.6637614678899082 0.06949541284403665 0.11651376146788976
0 0.7530963302752292 0.8573394495412845 0.07499999999999986 0.14220183486238525
0 0.6471330275229359 0.7619266055045872 0.1052752293577982 0.14954128440366973
0 0.26903669724770646 0.2610091743119266 0.094954128440367 0.09816513761467892
0 0.2604357798165137 0.10733944954128441 0.06674311926605504 0.10458715596330276
0 0.1706422018348624 0.16238532110091744 0.10596330275229357 0.10091743119266054
0 0.22534403669724776 0.25137614678899084 0.1025229357798165 0.14128440366972472
0 0.1444954128440367 0.2889908256880734 0.06880733944954126 0.07522935779816514
0 0.1592889908256881 0.803211009174312 0.09151376146788992 0.09816513761467888
0 0.12694954128440367 0.6738532110091743 0.12041284403669725 0.09449541284403679
0 0.2769495412844037 0.8733944954128441 0.07362385321100916 0.10458715596330294
0 0.35022935779816516 0.9128440366972478 0.08256880733944957 0.11376146788990824
