0 0.34424599999999983 0.199556623853211 0.0864479999999999 0.1464007522935779
0 0.48170699999999994 0.066119 0.081716 0.132239
0 0.26881 0.11848799999999998 0.078716 0.133189
0 0.26869266055045876 0.26192660550458713 0.08188073394495415 0.14954128440366968
0 0.19988532110091747 0.2577981651376147 0.08050458715596331 0.1302752293577982
0 0.17270642201834863 0.16238532110091744 0.10045871559633028 0.08623853211009175
0 0.14380733944954127 0.28532110091743124 0.07155963302752294 0.07522935779816517
0 0.2766055045871559 0.8692660550458714 0.07293577981651388 0.10917431192660602
0 0.349197247706422 0.8770642201834863 0.083256880733945 0.089908256880734
0 0.15860091743119267 0.805045871559633 0.07224770642201833 0.0889908256880733
0 0.5477064220183486 0.7481651376146788 0.13486238532110092 0.2596330275229357
0 0.7720183486238531 0.705045871559633 0.09495412844036694 0.10366972477064224
0 0.7520642201834863 0.8610091743119266 0.08944954128440358 0.12568807339449534
0 0.6233944954128441 0.9490825688073394 0.079816513761468 0.1
0 0.7665137614678899 0.26559633027522933 0.10596330275229349 0.11651376146788987
