0 0.340978 0.18142499999999998 0.091372 0.186715
0 0.598388 0.082168 0.091097 0.126824
0 0.267954 0.241815 0.095758 0.136403
0 0.4131880733944954 0.08440366972477065 0.10940366972477066 0.08990825688073395
0 0.49059633027522936 0.06926605504587156 0.08807339449541289 0.13853211009174313
0 0.27178899082568814 0.12064220183486238 0.10183486238532112 0.12018348623853212
0 0.16341743119266056 0.17064220183486242 0.07637614678899084 0.09724770642201835
0 0.2012614678899083 0.2513761467889907 0.05435779816513762 0.11926605504587147
0 0.14931192660550463 0.2926605504587156 0.07844036697247708 0.06788990825688074
0 0.11938073394495415 0.569724770642202 0.07775229357798166 0.1266055045871557
0 0.059174311926605515 0.47706422018348627 0.06467889908256881 0.06238532110091739
0 0.06743119266055046 0.3357798165137615 0.08807339449541285 0.11009174311926603
0 0.21674311926605505 0.6738532110091743 0.094954128440367 0.11651376146788998
0 0.15791284403669725 0.8064220183486239 0.09288990825688073 0.0935779816513761
0 0.26456422018348624 0.845412844036697 0.07775229357798163 0.07798165137614674
0 0.3474770642201835 0.893119266055046 0.07155963302752291 0.09999999999999985
0 0.6516055045871559 0.7486238532110092 0.11284403669724767 0.13577981651376148
0 0.7819954128440366 0.7073394495412845 0.08738532110091754 0.12844036697247715
0 0.7530963302752294 0.8738532110091748 0.08463302752293572 0.08899082568807319
0 0.6306192660550459 0.919724770642202 0.08876146788990823 0.09082568807339442
0 0.6739678899082567 0.48623853211009177 0.11077981651376145 0.17064220183486242
0 0.7716743119266056 0.4839449541284403 0.09701834862385325 0.15137614678899083
0 0.7737385321100922 0.26559633027522944 0.10665137614678841 0.08715596330275202
