0 0.593238 0.07377799999999998 0.071578 0.117485
0 0.5783256880733947 0.7412844036697248 0.12178899082568777 0.2568807339449542
0 0.6567660550458716 0.7366972477064221 0.10802752293577988 0.17798165137614688
0 0.7792431192660549 0.7027522935779815 0.10114678899082563 0.13761467889908252
0 0.7506880733944954 0.8674311926605504 0.09220183486238524 0.08715596330275219
0 0.6299311926605504 0.9201834862385332 0.09288990825688086 0.11192660550458731
0 0.6763761467889907 0.4775229357798164 0.1128440366972481 0.18073394495412842
0 0.7761467889908255 0.4853211009174313 0.10596330275229406 0.13027522935779814
0 0.7723623853211009 0.273394495412844 0.08876146788990838 0.10275229357798164
0 0.4926605504587156 0.06972477064220184 0.09633027522935782 0.13944954128440368
0 0.3430045871559633 0.20688073394495413 0.1052752293577982 0.1642201834862385
0 0.271788990825688 0.12660550458715597 0.10045871559633024 0.13027522935779817
0 0.2618119266055046 0.27798165137614683 0.08188073394495411 0.15045871559633028
0 0.19506880733944953 0.26559633027522933 0.07087155963302752 0.1073394495412844
0 0.173394495412844 0.16697247706422014 0.08532110091743128 0.10642201834862386
0 0.13555045871559637 0.29449541284403663 0.06055045871559631 0.08073394495412842
0 0.05401376146788991 0.4743119266055046 0.05022935779816514 0.06605504587155962
0 0.21915137614678898 0.6821100917431192 0.11353211009174309 0.11284403669724774
0 0.16272935779816514 0.8041284403669725 0.11077981651376147 0.10366972477064224
0 0.26456422018348624 0.856880733944954 0.0653669724770642 0.08807339449541289
0 0.3416284403669726 0.8688073394495407 0.08050458715596324 0.10275229357798249
