0 0.384077 0.188601 0.104781 0.164571
0 0.601683 0.201314 0.115333 0.242563
0 0.4875 0.06834862385321101 0.10252293577981662 0.13669724770642203
0 0.778211009174312 0.26330275229357797 0.10871559633027514 0.1431192660550459
0 0.7744266055045873 0.4880733944954128 0.09564220183486227 0.13761467889908247
0 0.784059633027523 0.7155963302752294 0.10252293577981661 0.13211009174311925
0 0.7537844036697249 0.8642201834862386 0.08738532110091754 0.13577981651376148
0 0.6209862385321102 0.9444954128440366 0.0915137614678899 0.11100917431192656
0 0.34782110091743124 0.891743119266055 0.08188073394495418 0.09908256880733958
0 0.26972477064220185 0.8637614678899083 0.07706422018348622 0.10183486238532112
0 0.15722477064220183 0.798623853211009 0.07912844036697249 0.09816513761467874
0 0.26215596330275215 0.2958715596330276 0.1018348623853215 0.1568807339449542
0 0.2783256880733945 0.12477064220183486 0.09701834862385322 0.13394495412844037
0 0.18887614678899084 0.26697247706422017 0.07087155963302752 0.0935779816513761
0 0.1400229357798165 0.3045871559633027 0.05986238532110089 0.08990825688073396
0 0.17855504587155963 0.16743119266055045 0.08738532110091743 0.0944954128440367
0 0.044036697247706424 0.373394495412844 0.07706422018348624 0.07339449541284403
