0 0.590145 0.070262 0.076809 0.124664
0 0.7787066880733937 0.7057793486238536 0.08072962385321251 0.12063573394495343
0 0.484943 0.066528 0.079869 0.133057
0 0.34850917431192663 0.2018348623853211 0.08325688073394502 0.12110091743119264
0 0.2738532110091743 0.10458715596330276 0.09770642201834867 0.12660550458715597
0 0.17305045871559635 0.16743119266055045 0.09839449541284404 0.10917431192660551
0 0.14105504587155962 0.2977064220183486 0.06330275229357801 0.0926605504587156
0 0.20160550458715598 0.276605504587156 0.06330275229357799 0.1110091743119266
0 0.26731651376146787 0.27064220183486243 0.08738532110091743 0.13394495412844035
0 0.5931192660550457 0.38853211009174315 0.1293577981651378 0.2284403669724771
0 0.766169724770642 0.27477064220183484 0.09839449541284394 0.09816513761467892
0 0.7740825688073394 0.48211009174311925 0.09908256880733944 0.1403669724770642
0 0.6708715596330276 0.4738532110091743 0.12385321100917437 0.1477064220183486
0 0.7506880733944945 0.8610091743119263 0.08256880733944758 0.14036697247706428
0 0.6295871559633033 0.9467889908256879 0.11146788990825604 0.10642201834862361
0 0.6309633027522934 0.7545871559633028 0.12798165137614687 0.15321100917431207
0 0.343348623853211 0.8766055045871559 0.07568807339449542 0.09633027522935791
0 0.28314220183486244 0.8683486238532109 0.075 0.1110091743119267
0 0.1592889908256881 0.8073394495412844 0.08876146788990825 0.09174311926605512
0 0.040940366972477056 0.37201834862385325 0.07224770642201835 0.07431192660550458
