0 0.590752 0.068483 0.076739 0.123593
0 0.48440366972477067 0.05733944954128441 0.09357798165137624 0.11467889908256881
0 0.3467889908256881 0.2022935779816514 0.09495412844036696 0.1385321100917431
0 0.2741972477064221 0.11192660550458715 0.08600917431192645 0.11926605504587155
0 0.18027522935779816 0.163302752293578 0.09495412844036696 0.10642201834862387
0 0.14277522935779818 0.30275229357798167 0.0488532110091743 0.1009174311926606
0 0.18681192660550458 0.28256880733944956 0.05711009174311926 0.08440366972477062
0 0.25802752293577985 0.29128440366972475 0.10321100917431196 0.14587155963302748
0 0.768922018348624 0.2802752293577982 0.09564220183486243 0.0963302752293578
0 0.774426605504587 0.48807339449541265 0.10389908256880834 0.1174311926605505
0 0.6777522935779817 0.4688073394495412 0.11284403669724773 0.13761467889908252
0 0.7764908256880733 0.7091743119266056 0.10114678899082563 0.110091743119266
0 0.7561926605504588 0.868348623853211 0.08532110091743121 0.10366972477064224
0 0.6326834862385321 0.9472477064220183 0.10802752293577988 0.10550458715596335
0 0.6395642201834864 0.7536697247706422 0.12041284403669728 0.15137614678899097
0 0.5019495412844036 0.8426605504587156 0.13692660550458713 0.2559633027522936
0 0.3423165137614679 0.8807339449541284 0.08188073394495411 0.08256880733944967
0 0.2704128440366973 0.8422018348623854 0.09495412844036696 0.0788990825688073
0 0.15722477064220183 0.8045871559633028 0.09977064220183486 0.09541284403669735
0 0.041628440366972476 0.3834862385321101 0.075 0.06605504587155962
0 0.054013761467889915 0.4701834862385321 0.04885321100917432 0.06330275229357789
