0 0.21880733944954117 0.6912844036697247 0.11009174311926605 0.11834862385321124
0 0.15240825688073398 0.7990825688073394 0.09839449541284406 0.08990825688073385
0 0.276605504587156 0.8619266055045871 0.07018348623853214 0.1110091743119267
0 0.343348623853211 0.8761467889908258 0.07155963302752294 0.08623853211009176
0 0.634059633027523 0.9224770642201835 0.08463302752293579 0.10183486238532112
0 0.6412844036697248 0.7509174311926605 0.13348623853211003 0.16055045871559642
0 0.777178899082569 0.7004587155963303 0.1038990825688073 0.1293577981651376
0 0.7568807339449541 0.8701834862385321 0.08394495412844037 0.09633027522935776
0 0.7802752293577983 0.48715596330275224 0.11697247706422019 0.1339449541284403
0 0.6770642201834863 0.4738532110091743 0.11834862385321103 0.1935779816513761
0 0.7696100917431192 0.2834862385321101 0.09839449541284412 0.11743119266055047
0 0.5900229357798166 0.08119266055045873 0.09426605504587167 0.14220183486238536
0 0.48577981651376123 0.07018348623853207 0.10596330275229328 0.14036697247706414
0 0.34747706422018354 0.20963302752293578 0.094954128440367 0.1256880733944954
0 0.2635321100917431 0.2802752293577982 0.08944954128440369 0.14770642201834863
0 0.19610091743119265 0.25871559633027524 0.0688073394495413 0.11926605504587158
0 0.14277522935779818 0.3 0.06399082568807339 0.07155963302752294
0 0.1706422018348624 0.16100917431192663 0.09220183486238533 0.12935779816513762
0 0.26249999999999996 0.12110091743119267 0.09977064220183486 0.12293577981651378
0 0.05504587155963304 0.4688073394495413 0.05229357798165138 0.07339449541284403
