0 0.596803 0.085062 0.091635 0.12952
0 0.7754587155963304 0.2720183486238532 0.10045871559633028 0.09082568807339449
0 0.7740825688073394 0.48027522935779815 0.08944954128440358 0.12752293577981655
0 0.6763761467889908 0.4876146788990826 0.10183486238532112 0.14954128440366973
0 0.7737385321100916 0.710091743119266 0.09839449541284404 0.11376146788990797
0 0.6409403669724774 0.7435779816513762 0.13279816513761458 0.14403669724770646
0 0.6299311926605508 0.9252293577981651 0.09288990825688076 0.09633027522935744
0 0.7541284403669727 0.8577981651376146 0.079816513761468 0.12477064220183491
0 0.3474770642201835 0.886697247706422 0.08807339449541285 0.08899082568807344
0 0.22018348623853215 0.6876146788990826 0.12660550458715597 0.13302752293577982
0 0.26559633027522944 0.8435779816513762 0.07844036697247705 0.08715596330275246
0 0.15860091743119267 0.803211009174312 0.08050458715596331 0.08715596330275219
0 0.11800458715596329 0.5697247706422018 0.075 0.11743119266055047
0 0.05573394495412845 0.47844036697247705 0.05366972477064222 0.06697247706422012
0 0.060206422018348624 0.3353211009174312 0.075 0.10733944954128447
0 0.15275229357798167 0.29311926605504585 0.0743119266055046 0.08715596330275226
0 0.1513761467889908 0.16192660550458715 0.04678899082568808 0.0779816513761468
0 0.2711009174311927 0.2775229357798165 0.07155963302752291 0.13119266055045872
0 0.3457568807339449 0.21146788990825688 0.09013761467889907 0.12018348623853209
0 0.40802752293577976 0.09036697247706423 0.10596330275229363 0.08715596330275231
0 0.49300458715596357 0.07247706422018349 0.08463302752293611 0.14495412844036698
0 0.27178899082568814 0.11972477064220183 0.08669724770642201 0.118348623853211
0 0.20711009174311926 0.18807339449541288 0.07706422018348622 0.13394495412844035
