0 0.268348623853211 0.2729357798165138 0.09770642201834867 0.16055045871559634
0 0.3436926605504588 0.2151376146788991 0.08325688073394492 0.11651376146788993
0 0.49300458715596335 0.07385321100917427 0.08188073394495406 0.14770642201834855
0 0.5934633027522936 0.08486238532110094 0.08876146788990823 0.14220183486238533
0 0.7685779816513748 0.273394495412844 0.09357798165137605 0.0972477064220182
0 0.7737385321100918 0.4853211009174312 0.09839449541284412 0.13577981651376142
0 0.679816513761468 0.48486238532110093 0.10045871559633028 0.17522935779816515
0 0.7771788990825691 0.703669724770642 0.09151376146788995 0.11926605504587169
0 0.7500000000000003 0.8623853211009176 0.07844036697247724 0.09357798165137612
0 0.6302752293577983 0.9224770642201827 0.08669724770642168 0.09082568807339454
0 0.636467889908257 0.7610091743119267 0.12247706422018348 0.1550458715596332
0 0.35263761467889915 0.8876146788990826 0.09013761467889911 0.08532110091743121
0 0.26490825688073394 0.8435779816513761 0.09357798165137617 0.08715596330275233
0 0.15550458715596333 0.8041284403669725 0.08669724770642205 0.0889908256880733
0 0.11834862385321103 0.5669724770642202 0.07431192660550458 0.11743119266055047
0 0.049541284403669714 0.47889908256880714 0.06330275229357797 0.06605504587155966
0 0.2102064220183486 0.7045871559633028 0.09151376146788986 0.07155963302752283
0 0.1548165137614679 0.2995412844036697 0.07568807339449542 0.06146788990825694
0 0.11662844036697248 0.21009174311926607 0.09426605504587159 0.10458715596330274
0 0.16685779816513763 0.16605504587155961 0.08463302752293578 0.08807339449541285
0 0.26903669724770646 0.12752293577981647 0.0770642201834862 0.12477064220183484
