0 0.599782 0.079664 0.083933 0.12325999999999998
0 0.4950688073394495 0.05596330275229358 0.09288990825688082 0.11192660550458716
0 0.3461009174311927 0.21376146788990827 0.0839449541284403 0.1302752293577982
0 0.2607798165137614 0.27798165137614683 0.0990825688073394 0.12844036697247707
0 0.2711009174311927 0.11880733944954129 0.08532110091743117 0.1275229357798165
0 0.17236238532110093 0.16192660550458718 0.09151376146788989 0.09449541284403672
0 0.08497706422018349 0.26284403669724765 0.07637614678899082 0.05779816513761464
0 0.1496559633027523 0.2903669724770643 0.07087155963302752 0.06697247706422016
0 0.058830275229357805 0.47889908256880737 0.05986238532110092 0.06788990825688067
0 0.05194954128440367 0.37339449541284403 0.07087155963302752 0.06605504587155962
0 0.11869266055045861 0.5715596330275229 0.07224770642201829 0.12110091743119283
0 0.16135321100917438 0.8096330275229359 0.0887614678899083 0.09449541284403713
0 0.2704128440366973 0.8458715596330276 0.08532110091743124 0.08256880733944953
0 0.34954128440367 0.8830275229357796 0.09357798165137604 0.08899082568807345
0 0.6416284403669725 0.7555045871559634 0.11353211009174316 0.14954128440366973
0 0.7764908256880736 0.7128440366972477 0.10527522935779828 0.12844036697247702
0 0.7761467889908258 0.48394495412844035 0.08807339449541289 0.12385321100917424
0 0.6873853211009174 0.5123853211009175 0.09495412844036702 0.12201834862385325
0 0.7764908256880735 0.2761467889908257 0.09288990825688073 0.09724770642201833
0 0.75 0.8527522935779817 0.07293577981651367 0.11467889908256879
0 0.6288990825688073 0.9247706422018348 0.08119266055045869 0.09357798165137624
