0 0.587329 0.07268 0.084935 0.118257
0 0.4895642201834863 0.06284403669724771 0.0805045871559632 0.12568807339449542
0 0.349197247706422 0.21192660550458714 0.09701834862385325 0.12660550458715597
0 0.25940366972477064 0.26697247706422017 0.09495412844036696 0.1559633027522936
0 0.2188073394495413 0.16926605504587158 0.0963302752293578 0.11651376146788993
0 0.2735091743119266 0.10642201834862386 0.0915137614678899 0.11192660550458715
0 0.15825688073394495 0.16100917431192663 0.059174311926605515 0.08532110091743117
0 0.15275229357798165 0.29816513761467894 0.08119266055045873 0.06422018348623855
0 0.046788990825688076 0.47889908256880737 0.06467889908256881 0.06238532110091739
0 0.11662844036697248 0.5697247706422018 0.07224770642201835 0.11559633027522942
0 0.21880733944954125 0.6793577981651373 0.10871559633027525 0.12018348623853203
0 0.3526376146788992 0.8857798165137614 0.09288990825688057 0.0926605504587156
0 0.2625 0.842201834862385 0.07499999999999996 0.08807339449541272
0 0.15825688073394495 0.8041284403669724 0.07706422018348624 0.08532110091743121
0 0.6326834862385321 0.7522935779816513 0.12454128440366972 0.15779816513761474
0 0.778211009174312 0.7110091743119266 0.08394495412844037 0.12844036697247702
0 0.7568807339449538 0.8596330275229357 0.07431192660550465 0.11926605504587146
0 0.6319954128440367 0.9160550458715596 0.0915137614678899 0.10183486238532112
0 0.6791284403669725 0.4871559633027522 0.10183486238532065 0.17064220183486217
0 0.7747706422018348 0.4830275229357797 0.10045871559633028 0.12385321100917424
0 0.7754587155963304 0.2706422018348624 0.09220183486238526 0.0990825688073394
0 0.03577981651376147 0.38256880733944953 0.06880733944954129 0.07522935779816514
