0 0.381024 0.193463 0.101207 0.157658
0 0.579479 0.379365 0.11496 0.190032
0 0.48646900000000004 0.066473 0.074313 0.132946
0 0.1959907064220183 0.15388997247706396 0.07843612844036701 0.09869243119266029
0 0.2759174311926606 0.11834862385321103 0.09770642201834862 0.12844036697247707
0 0.2600917431192661 0.28990825688073396 0.1059633027522936 0.1577981651376147
0 0.20538990825688075 0.2518348623853211 0.07087155963302752 0.11834862385321095
0 0.14552752293577984 0.3 0.0736238532110092 0.10275229357798164
0 0.1503440366972477 0.15871559633027524 0.05160550458715594 0.08073394495412843
0 0.16066513761467893 0.808256880733945 0.09013761467889908 0.10825688073394503
0 0.2714449541284404 0.8614678899082568 0.07224770642201836 0.11192660550458712
0 0.3488532110091744 0.8903669724770643 0.07981651376146794 0.11100917431192656
0 0.650229357798165 0.7555045871559634 0.1087155963302751 0.15504587155963295
0 0.6285550458715596 0.9444954128440366 0.09701834862385311 0.11100917431192656
0 0.754816513761468 0.8614678899082568 0.08669724770642205 0.14128440366972483
0 0.7754587155963303 0.48440366972477067 0.09495412844036707 0.14311926605504582
0 0.7761467889908258 0.2720183486238532 0.0935779816513761 0.1073394495412844
0 0.7936926605504587 0.6839449541284404 0.06674311926605497 0.1422018348623852
0 0.7121559633027522 0.6605504587155957 0.1376146788990826 0.15963302752293565
