0 0.35366972477064224 0.8784403669724771 0.09082568807339449 0.1036697247706421
0 0.26869266055045876 0.8431192660550458 0.08188073394495415 0.08623853211009162
0 0.16204128440366972 0.8045871559633028 0.08188073394495411 0.08440366972477065
0 0.11284403669724771 0.5807339449541284 0.06467889908256881 0.14311926605504596
0 0.05745412844036697 0.47247706422018354 0.055733944954128437 0.06055045871559635
0 0.03818807339449542 0.38486238532110095 0.06674311926605506 0.06330275229357796
0 0.056766055045871566 0.35321100917431186 0.075 0.06605504587155966
0 0.14071100917431192 0.29541284403669726 0.057110091743119255 0.05504587155963307
0 0.19369266055045856 0.26146788990825703 0.07499999999999996 0.10825688073394513
0 0.17477064220183486 0.1651376146788991 0.08944954128440365 0.08990825688073395
0 0.27522935779816515 0.10825688073394496 0.10321100917431188 0.12293577981651378
0 0.33543577981651373 0.22293577981651375 0.10527522935779815 0.09724770642201833
0 0.2607798165137615 0.2513761467889909 0.07568807339449533 0.13944954128440365
0 0.4892201834862385 0.06880733944954129 0.08119266055045869 0.13761467889908258
0 0.5886467889908258 0.07844036697247705 0.09426605504587153 0.1513761467889908
0 0.7713302752293578 0.281651376146789 0.09633027522935776 0.10275229357798164
0 0.7754587155963303 0.48807339449541287 0.0935779816513761 0.13577981651376142
0 0.677408256880734 0.47568807339449515 0.10114678899082613 0.15688073394495375
0 0.6357798165137617 0.7513761467889911 0.11834862385321103 0.1596330275229356
0 0.7795871559633027 0.7055045871559633 0.10183486238532112 0.10091743119266056
0 0.754816513761468 0.8559633027522938 0.08532110091743121 0.1339449541284405
0 0.6323394495412844 0.9165137614678899 0.09220183486238524 0.10458715596330279
