0 0.5917490642201839 0.07583586238532107 0.09334669724770536 0.14214999999999994
0 0.487712 0.065831 0.075163 0.131662
0 0.7720183486238531 0.27935779816513767 0.10321100917431196 0.13486238532110095
0 0.7740825688073397 0.4798165137614678 0.10045871559633036 0.1504587155963304
0 0.6760321100917431 0.49633027522935774 0.10802752293577982 0.16513761467889906
0 0.7709862385321102 0.7087155963302751 0.12316513761467902 0.12752293577981647
0 0.6337155963302753 0.9178899082568808 0.08807339449541281 0.11284403669724781
0 0.751376146788991 0.8674311926605504 0.08807339449541289 0.1036697247706421
0 0.5704128440366972 0.7009174311926606 0.12385321100917424 0.22935779816513766
0 0.6584862385321101 0.7325688073394494 0.07844036697247696 0.1770642201834862
0 0.349197247706422 0.8724770642201836 0.07912844036697247 0.09541284403669735
0 0.2680045871559633 0.8596330275229357 0.08876146788990823 0.11192660550458712
0 0.15756880733944956 0.8009174311926606 0.08669724770642201 0.09541284403669721
0 0.20814220183486237 0.7045871559633028 0.10252293577981651 0.06238532110091754
0 0.14862385321100918 0.28990825688073396 0.06743119266055046 0.08073394495412849
0 0.1654816513761468 0.15825688073394495 0.075 0.081651376146789
0 0.2783256880733945 0.11972477064220184 0.10665137614678898 0.10550458715596331
0 0.3371559633027523 0.2206422018348624 0.10183486238532112 0.12018348623853212
0 0.2607798165137615 0.268348623853211 0.0798165137614679 0.14587155963302753
0 0.20711009174311934 0.22660550458715584 0.053669724770642135 0.13211009174311922
0 0.037155963302752296 0.389908256880734 0.06467889908256881 0.06788990825688067
