0 0.608132 0.173273 0.118268 0.24608
0 0.26561841284403687 0.28276671559633015 0.08298900000000003 0.1306472844036698
0 0.5904 0.073341 0.07352 0.13189
0 0.7779066146788991 0.7059113486238526 0.08110577064220154 0.10756569724770754
0 0.35206 0.204717 0.072273 0.132629
0 0.6262841284403667 0.9443085963302749 0.09825725688073356 0.1088858073394478
0 0.28107798165137615 0.11284403669724771 0.0915137614678899 0.11559633027522935
0 0.1974770642201835 0.276605504587156 0.08119266055045872 0.10183486238532112
0 0.1403669724770642 0.30688073394495413 0.059174311926605494 0.11100917431192656
0 0.18199541284403672 0.1651376146788991 0.1107798165137615 0.09908256880733946
0 0.47993119266055045 0.05871559633027523 0.08325688073394495 0.11743119266055047
0 0.7623853211009174 0.28211009174311924 0.0935779816513761 0.10183486238532108
0 0.7740825688073394 0.48440366972477067 0.09495412844036694 0.13577981651376142
0 0.6780963302752295 0.4825688073394495 0.10252293577981654 0.17981651376146793
0 0.3423165137614679 0.8752293577981652 0.07775229357798163 0.08256880733944953
0 0.27419724770642206 0.8669724770642202 0.08050458715596331 0.10275229357798167
0 0.1603211009174312 0.8137614678899083 0.07155963302752294 0.08256880733944953
0 0.6385321100917432 0.7532110091743118 0.11972477064220186 0.15045871559633028
0 0.754816513761468 0.8541284403669723 0.09770642201834862 0.12110091743119268
