0 0.4965260000000001 0.8217700000000001 0.096417 0.263947
0 0.586952 0.073338 0.084933 0.125464
0 0.34362799999999966 0.2020397798165137 0.08743599999999986 0.1365164403669723
0 0.27160634862385324 0.10912793577981651 0.08610574311926586 0.14012244036697244
0 0.4871559633027524 0.06926605504587155 0.10183486238532137 0.1385321100917431
0 0.26284403669724765 0.28990825688073396 0.08807339449541285 0.14311926605504588
0 0.20573394495412842 0.2518348623853211 0.10045871559633028 0.12752293577981655
0 0.1403669724770642 0.2990825688073395 0.06192660550458715 0.06605504587155966
0 0.17408256880733944 0.1628440366972477 0.08807339449541285 0.10000000000000002
0 0.21295871559633028 0.6922018348623854 0.10665137614678898 0.09999999999999985
0 0.16376146788990822 0.8045871559633028 0.09495412844036696 0.08807339449541289
0 0.27591743119266054 0.8706422018348624 0.07981651376146787 0.11009174311926614
0 0.3430045871559633 0.8770642201834862 0.08738532110091747 0.11192660550458726
0 0.6430045871559633 0.7422018348623854 0.13004587155963307 0.14862385321100915
0 0.780619266055046 0.7073394495412845 0.0915137614678899 0.11192660550458712
0 0.7496559633027522 0.8678899082568811 0.07500000000000004 0.09174311926605476
0 0.6299311926605504 0.9188073394495413 0.09013761467889912 0.1
0 0.6780963302752293 0.46834862385321097 0.10802752293577975 0.13669724770642191
0 0.7751146788990826 0.4807339449541284 0.09013761467889907 0.1284403669724771
0 0.7696100917431192 0.27798165137614683 0.09564220183486227 0.10275229357798167
