0 0.5346330275229358 0.8839449541284403 0.12385321100917437 0.23211009174311925
0 0.6412844036697248 0.7573394495412842 0.11146788990825689 0.16422018348623826
0 0.7730504587155963 0.7105504587155963 0.09839449541284395 0.1165137614678899
0 0.7586009174311927 0.8706422018348624 0.08325688073394502 0.09724770642201833
0 0.6350917431192661 0.9252293577981652 0.10045871559633028 0.09816513761467903
0 0.6756880733944954 0.4834862385321101 0.12110091743119268 0.19266055045871552
0 0.7685779816513761 0.48944954128440366 0.10321100917431196 0.1348623853211008
0 0.7747706422018348 0.28715596330275234 0.0977064220183486 0.11376146788990826
0 0.5910550458715598 0.09678899082568808 0.09908256880733951 0.15871559633027524
0 0.48612385321100937 0.07614678899082565 0.09977064220183518 0.1522935779816513
0 0.343348623853211 0.21605504587155963 0.09908256880733944 0.11284403669724767
0 0.26490825688073394 0.27339449541284405 0.07706422018348622 0.14128440366972478
0 0.19472477064220187 0.2646788990825688 0.07293577981651378 0.0963302752293578
0 0.13761467889908258 0.2967889908256881 0.059174311926605515 0.05963302752293579
0 0.16961009174311925 0.16376146788990828 0.09013761467889907 0.13119266055045872
0 0.26353211009174315 0.1224770642201835 0.10045871559633028 0.12752293577981655
0 0.05091743119266056 0.47935779816513757 0.060550458715596334 0.07431192660550451
0 0.22190366972477066 0.6853211009174313 0.11215596330275229 0.12477064220183479
0 0.1596330275229358 0.8064220183486239 0.08119266055045872 0.09174311926605512
0 0.2714449541284404 0.8637614678899084 0.08050458715596331 0.09266055045871567
0 0.3481651376146788 0.8743119266055043 0.07155963302752312 0.0954128440366972
