0 0.34343100000000004 0.19907705504587156 0.08639900000000003 0.149023889908257
0 0.59108 0.069078 0.07566 0.123126
0 0.27935779816513767 0.10183486238532112 0.08669724770642205 0.13211009174311927
0 0.4916284403669725 0.055504587155963306 0.09151376146788984 0.11100917431192661
0 0.7668577981651375 0.28073394495412846 0.10940366972477063 0.09908256880733944
0 0.7716743119266054 0.4885321100917431 0.09151376146788978 0.14587155963302748
0 0.6818807339449543 0.4784403669724771 0.10458715596330279 0.15321100917431182
0 0.7747706422018349 0.7055045871559633 0.09633027522935776 0.12477064220183492
0 0.6364678899082569 0.7559633027522935 0.12660550458715605 0.14495412844036693
0 0.6319954128440367 0.9174311926605505 0.08876146788990823 0.09174311926605498
0 0.7555045871559634 0.8688073394495415 0.08944954128440372 0.0935779816513761
0 0.4988532110091743 0.8091743119266056 0.11972477064220186 0.22201834862385325
0 0.3436926605504587 0.8733944954128439 0.08188073394495408 0.09724770642201819
0 0.2631880733944954 0.8536697247706422 0.08738532110091743 0.10917431192660544
0 0.16410550458715598 0.8045871559633028 0.09013761467889908 0.08440366972477065
0 0.15309633027522937 0.286697247706422 0.07087155963302752 0.07614678899082566
0 0.2022935779816516 0.24587155963302754 0.0770642201834863 0.14862385321100915
0 0.2518348623853211 0.2889908256880734 0.11009174311926596 0.14128440366972483
0 0.17133027522935781 0.1628440366972477 0.09495412844036695 0.08715596330275231
