0 0.596361 0.077412 0.079091 0.128025
0 0.49403669724770644 0.07247706422018349 0.08807339449541289 0.14495412844036698
0 0.7723623853211009 0.2729357798165137 0.08600917431192653 0.10366972477064226
0 0.7716743119266054 0.4880733944954128 0.09839449541284394 0.13944954128440373
0 0.6791284403669724 0.4793577981651376 0.10321100917431161 0.1660550458715596
0 0.7727064220183487 0.7105504587155963 0.0977064220183486 0.12018348623853214
0 0.6323394495412847 0.7545871559633025 0.12798165137614667 0.1568807339449542
0 0.7506880733944956 0.868807339449541 0.0839449541284403 0.08440366972477063
0 0.631651376146789 0.918348623853211 0.09220183486238526 0.10458715596330279
0 0.3526376146788991 0.8853211009174313 0.09977064220183493 0.08807339449541289
0 0.2676605504587156 0.8467889908256881 0.08119266055045873 0.07706422018348619
0 0.15447247706422018 0.8009174311926606 0.08050458715596327 0.09174311926605512
0 0.11422018348623852 0.5724770642201835 0.07293577981651377 0.10825688073394488
0 0.08050458715596331 0.2600917431192661 0.08944954128440367 0.06880733944954126
0 0.14690366972477065 0.29357798165137616 0.07224770642201835 0.06972477064220187
0 0.1761467889908257 0.1688073394495413 0.0977064220183486 0.08990825688073395
0 0.27385321100917437 0.12201834862385322 0.09220183486238533 0.11192660550458715
0 0.34506880733944956 0.2119266055045872 0.07362385321100923 0.11192660550458716
0 0.25940366972477064 0.26605504587155965 0.08669724770642205 0.16513761467889906
0 0.03646788990825688 0.38807339449541284 0.060550458715596334 0.06605504587155962
0 0.04059633027522937 0.4857798165137615 0.05091743119266056 0.061467889908256766
