0 0.393602 0.193087 0.131374 0.159557
0 0.587382 0.077316 0.083766 0.120944
0 0.488767 0.064333 0.074616 0.128667
0 0.2714449541284404 0.28715596330275234 0.09564220183486238 0.1376146788990826
0 0.1950688073394495 0.2623853211009176 0.07224770642201844 0.11559633027522938
0 0.17511467889908258 0.16146788990825692 0.08876146788990828 0.09174311926605505
0 0.14724770642201837 0.2922018348623853 0.06743119266055048 0.07798165137614674
0 0.04472477064220184 0.39082568807339446 0.07706422018348624 0.06788990825688074
0 0.057454128440366965 0.4779816513761468 0.06399082568807339 0.07522935779816507
0 0.1665137614678899 0.8 0.10321100917431193 0.08807339449541289
0 0.27591743119266054 0.8655963302752293 0.08119266055045869 0.12385321100917424
0 0.3488532110091742 0.8724770642201832 0.08119266055045885 0.08073394495412839
0 0.6285550458715597 0.9220183486238531 0.10665137614678898 0.11743119266055047
0 0.7541284403669725 0.8738532110091746 0.07431192660550465 0.1036697247706421
0 0.775802752293578 0.7073394495412845 0.0915137614678899 0.11743119266055047
0 0.6815366972477065 0.4761467889908257 0.09564220183486227 0.1669724770642202
0 0.7668577981651375 0.4857798165137615 0.09701834862385325 0.1403669724770642
0 0.7744266055045873 0.281651376146789 0.08738532110091754 0.10091743119266053
0 0.5845183486238532 0.6536697247706421 0.11903669724770637 0.20825688073394497
