0 0.7747706422018349 0.7055045871559633 0.09633027522935776 0.11009174311926614
0 0.7613532110091744 0.8637614678899084 0.08463302752293572 0.11100917431192656
0 0.6371559633027524 0.9160550458715596 0.0922018348623854 0.11834862385321088
0 0.6375000000000001 0.7532110091743119 0.13279816513761475 0.1669724770642202
0 0.6767201834862386 0.48027522935779815 0.1121559633027524 0.15871559633027515
0 0.7720183486238532 0.48440366972477067 0.09082568807339442 0.12660550458715597
0 0.7737385321100918 0.28532110091743124 0.09701834862385311 0.11559633027522935
0 0.5955275229357799 0.07752293577981652 0.0901376146788992 0.13119266055045872
0 0.4895642201834863 0.06513761467889909 0.0915137614678899 0.13027522935779817
0 0.35366972477064224 0.2206422018348624 0.09082568807339449 0.12752293577981655
0 0.26559633027522933 0.2610091743119266 0.08256880733944953 0.1256880733944954
0 0.18853211009174312 0.2614678899082569 0.0798165137614679 0.10825688073394492
0 0.169954128440367 0.16422018348623854 0.09082568807339453 0.09908256880733946
0 0.2642201834862385 0.11192660550458715 0.10596330275229357 0.13394495412844037
0 0.1379587155963301 0.30366972477064247 0.06536697247706413 0.07522935779816484
0 0.05263761467889909 0.3504587155963302 0.07362385321100917 0.07522935779816514
0 0.03681192660550459 0.3977064220183486 0.06811926605504587 0.05229357798165139
0 0.10183486238532105 0.5963302752293576 0.07293577981651388 0.15412844036697257
0 0.15172018348623853 0.8119266055045873 0.10389908256880734 0.1009174311926607
0 0.26869266055045876 0.863302752293578 0.06536697247706424 0.08440366972477065
0 0.3430045871559633 0.8770642201834861 0.0736238532110092 0.11192660550458712
