0 0.590947 0.072776 0.080814 0.122229
0 0.368824 0.18256700000000003 0.132352 0.182986
0 0.25940366972477064 0.28807339449541286 0.10458715596330276 0.16146788990825686
0 0.19575688073394495 0.25137614678899084 0.08738532110091743 0.1211009174311927
0 0.1438073394495413 0.2986238532110092 0.06330275229357801 0.0688073394495413
0 0.16961009174311925 0.16559633027522935 0.08050458715596331 0.08899082568807341
0 0.06261467889908257 0.2848623853211009 0.0798165137614679 0.07798165137614678
0 0.046788990825688076 0.37752293577981655 0.07431192660550459 0.061467889908256836
0 0.15619266055045872 0.8041284403669725 0.10045871559633028 0.10366972477064224
0 0.2724770642201835 0.8600917431192662 0.07844036697247705 0.10550458715596321
0 0.34747706422018354 0.8738532110091742 0.08532110091743124 0.08715596330275233
0 0.6354357798165138 0.7591743119266054 0.13142201834862383 0.17155963302752297
0 0.7802752293577981 0.7018348623853211 0.10045871559633028 0.11743119266055047
0 0.754816513761468 0.8724770642201833 0.09495412844036707 0.09541284403669721
0 0.631651376146789 0.9243119266055047 0.09908256880733944 0.10733944954128447
0 0.6860091743119265 0.5091743119266056 0.09220183486238533 0.1211009174311927
0 0.7761467889908258 0.4834862385321101 0.0977064220183486 0.13761467889908247
0 0.778211009174312 0.26513761467889907 0.08394495412844037 0.110091743119266
0 0.5913990825688074 0.5646788990825687 0.114908256880734 0.16972477064220187
0 0.49885321100917446 0.07110091743119266 0.08669724770642205 0.14036697247706423
