0 0.3834310000000001 0.188739 0.101663 0.16601
0 0.5546690000000001 0.131415 0.08542900000000002 0.252398
0 0.29943000000000003 0.12846532110091743 0.074164 0.12991864220183486
0 0.803322 0.22419699999999998 0.073579 0.13503
0 0.6264832293577982 0.9445726559633022 0.07658355963302747 0.1108546880733934
0 0.253155 0.1097 0.038863 0.113442
0 0.2600917431192661 0.2876146788990826 0.09770642201834864 0.15137614678899086
0 0.21399082568807337 0.2504587155963303 0.08669724770642201 0.12844036697247707
0 0.14827981651376146 0.2775229357798165 0.05435779816513762 0.09633027522935776
0 0.17958715596330277 0.16055045871559634 0.11284403669724773 0.10091743119266056
0 0.4912844036697248 0.05963302752293578 0.07981651376146794 0.11926605504587157
0 0.7696100917431192 0.4811926605504588 0.11077981651376134 0.13302752293577982
0 0.3495412844036697 0.8899082568807338 0.08119266055045876 0.10458715596330265
0 0.2676605504587156 0.8678899082568807 0.08807339449541285 0.11192660550458712
0 0.16307339449541286 0.8032110091743118 0.08119266055045872 0.09449541284403665
0 0.7548165137614679 0.8564220183486239 0.07844036697247703 0.1275229357798166
0 0.7936926605504592 0.6756880733944954 0.05986238532110109 0.12201834862385302
0 0.6392201834862385 0.7564220183486239 0.1307339449541285 0.16238532110091738
0 0.7186926605504587 0.6825688073394496 0.14793577981651382 0.16146788990825683
