0 0.6253387339449542 0.15508689908256879 0.1354225229357801 0.2294557247706422
0 0.37554499999999996 0.18109000000000003 0.127819 0.183281
0 0.6710012385321094 0.48639187155963315 0.10653490825688049 0.17609622935779878
0 0.586334 0.071246 0.081841 0.114422
0 0.4899082568807341 0.07477064220183484 0.08807339449541306 0.14954128440366968
0 0.7682339449541282 0.2848623853211006 0.09564220183486208 0.10183486238532097
0 0.7678899082568803 0.4839449541284405 0.10733944954128516 0.14770642201834827
0 0.775802752293578 0.7091743119266054 0.11490825688073385 0.13211009174311925
0 0.6381880733944955 0.7564220183486239 0.11766055045871568 0.16238532110091738
0 0.6209862385321102 0.9201834862385322 0.10527522935779828 0.11192660550458726
0 0.7486238532110093 0.8701834862385321 0.08394495412844037 0.12385321100917436
0 0.3543577981651376 0.893119266055046 0.08394495412844041 0.1165137614678899
0 0.2738532110091743 0.8711009174311927 0.0784403669724771 0.10183486238532112
0 0.22052752293577982 0.6853211009174313 0.1162844036697248 0.12844036697247702
0 0.155848623853211 0.8091743119266056 0.09564220183486238 0.11559633027522935
0 0.05160550458715596 0.4692660550458716 0.046788990825688076 0.05963302752293579
0 0.14449541284403672 0.2981651376146789 0.05917431192660553 0.08073394495412842
0 0.19403669724770645 0.2573394495412844 0.07155963302752294 0.12385321100917433
0 0.2600917431192661 0.2857798165137615 0.0963302752293578 0.1587155963302752
0 0.17029816513761467 0.15825688073394495 0.10114678899082569 0.0944954128440367
