0 0.599079 0.078709 0.084289 0.124306
0 0.49266055045871565 0.05412844036697248 0.09770642201834867 0.10825688073394497
0 0.40699541284403673 0.06697247706422019 0.09013761467889907 0.10825688073394496
0 0.26972477064220185 0.12522935779816513 0.09220183486238528 0.11467889908256879
0 0.16307339449541286 0.16605504587155961 0.07844036697247704 0.08807339449541285
0 0.1173165137614679 0.21743119266055047 0.08188073394495414 0.07339449541284403
0 0.15137614678899083 0.2958715596330276 0.08119266055045873 0.07431192660550465
0 0.057454128440366965 0.34266055045871563 0.07637614678899082 0.07798165137614678
0 0.057798165137614675 0.4733944954128441 0.06192660550458715 0.05871559633027523
0 0.2714449541284404 0.27522935779816515 0.08600917431192656 0.13027522935779814
0 0.34472477064220186 0.2201834862385321 0.10045871559633031 0.10825688073394496
0 0.1211009174311926 0.570183486238532 0.07155963302752288 0.12568807339449564
0 0.16272935779816514 0.8110091743119267 0.08876146788990825 0.09174311926605512
0 0.2659403669724771 0.8467889908256881 0.06811926605504585 0.0788990825688073
0 0.3543577981651376 0.8862385321100917 0.08394495412844041 0.09174311926605498
0 0.6395642201834864 0.7660550458715596 0.11490825688073393 0.15229357798165125
0 0.7761467889908258 0.7091743119266056 0.09633027522935791 0.12477064220183492
0 0.756880733944954 0.8545871559633028 0.08256880733944953 0.11467889908256879
0 0.6285550458715596 0.9174311926605505 0.09288990825688068 0.09724770642201833
0 0.6770642201834862 0.4944954128440363 0.10596330275229313 0.12844036697247693
0 0.7744266055045864 0.4876146788990826 0.08876146788990996 0.13486238532110092
0 0.774426605504588 0.2724770642201834 0.10389908256880762 0.09908256880733977
