0 0.7768348623853205 0.22889908256880737 0.0894495412844042 0.13486238532110087
0 0.7733944954128441 0.4811926605504587 0.08944954128440372 0.14220183486238525
0 0.6763761467889909 0.4853211009174312 0.10596330275229363 0.15045871559633028
0 0.7816513761467889 0.7128440366972478 0.08669724770642205 0.11743119266055047
0 0.75 0.8688073394495412 0.08119266055045869 0.09541284403669735
0 0.6333715596330275 0.9192660550458714 0.08050458715596327 0.10642201834862376
0 0.6436926605504587 0.7527522935779817 0.09977064220183493 0.14954128440366973
0 0.2793577981651375 0.28211009174311924 0.13899082568807333 0.1403669724770639
0 0.23325688073394496 0.1724770642201835 0.10045871559633028 0.11376146788990825
0 0.1974770642201835 0.25137614678899084 0.0784403669724771 0.0825688073394495
0 0.14827981651376146 0.28990825688073385 0.08188073394495411 0.06788990825688074
0 0.16582568807339448 0.15366972477064222 0.05091743119266054 0.08165137614678901
0 0.4128440366972479 0.09036697247706421 0.11009174311926602 0.07798165137614682
0 0.4916284403669715 0.06192660550458709 0.08188073394495424 0.12385321100917418
0 0.5948394495412844 0.07889908256880734 0.08325688073394488 0.13027522935779817
0 0.11490825688073397 0.568348623853211 0.06467889908256881 0.12201834862385319
0 0.05470183486238533 0.4770642201834863 0.05711009174311926 0.05871559633027523
0 0.15688073394495414 0.8096330275229358 0.07844036697247705 0.09449541284403679
0 0.2621559633027523 0.8463302752293578 0.09082568807339453 0.07798165137614674
0 0.35194954128440364 0.8958715596330277 0.08188073394495411 0.09633027522935791
