0 0.25183486238532055 0.13715596330275232 0.09633027522935772 0.10366972477064225
0 0.3942660550458712 0.08623853211009161 0.07293577981651465 0.07889908256880715
0 0.48268348623853213 0.0591743119266055 0.08325688073394502 0.1165137614678899
0 0.5903669724770642 0.08761467889908259 0.08256880733944967 0.14036697247706423
0 0.7733944954128443 0.28761467889908254 0.08394495412844101 0.12385321100917453
0 0.6753440366972475 0.4811926605504587 0.10114678899082534 0.1385321100917431
0 0.7720183486238535 0.4830275229357799 0.08119266055045873 0.12201834862385326
0 0.7813073394495413 0.7087155963302751 0.07775229357798168 0.10550458715596335
0 0.6471330275229359 0.7568807339449544 0.0901376146788993 0.1559633027522934
0 0.7493119266055046 0.8711009174311927 0.08119266055045869 0.08348623853210996
0 0.6299311926605504 0.9160550458715596 0.08463302752293572 0.10183486238532112
0 0.345756880733945 0.8857798165137615 0.0887614678899083 0.07431192660550465
0 0.26697247706421995 0.846788990825688 0.07844036697247701 0.07706422018348656
0 0.15688073394495403 0.8100917431192665 0.06605504587155989 0.08440366972476981
0 0.2759174311926606 0.2747706422018349 0.09633027522935783 0.11100917431192663
0 0.11869266055045877 0.5807339449541287 0.07224770642201842 0.10091743119266072
0 0.05091743119266056 0.4876146788990826 0.05779816513761468 0.08348623853211003
