0 0.368468 0.182883 0.130856 0.177471
0 0.49259699999999995 0.842623 0.068308 0.25828
0 0.765041 0.277977 0.089186 0.11435100000000001
0 0.7751146788990826 0.4889908256880734 0.10802752293577982 0.15045871559633028
0 0.6780963302752293 0.5041284403669725 0.10527522935779814 0.12935779816513765
0 0.7733944954128441 0.7041284403669724 0.10596330275229363 0.12752293577981647
0 0.6423165137614678 0.7555045871559634 0.11077981651376141 0.14036697247706428
0 0.6337155963302753 0.918348623853211 0.09357798165137617 0.0935779816513761
0 0.7530963302752289 0.8660550458715598 0.0763761467889913 0.09724770642201853
0 0.3430045871559633 0.8779816513761467 0.09426605504587153 0.09174311926605498
0 0.26938073394495415 0.8623853211009174 0.07637614678899084 0.10091743119266056
0 0.15894495412844037 0.8059633027522937 0.0866972477064221 0.10917431192660568
0 0.1451834862385321 0.2977064220183487 0.06605504587155961 0.07431192660550462
0 0.2119266055045871 0.2449541284403669 0.09770642201834887 0.13761467889908238
0 0.26112385321100917 0.2889908256880734 0.09977064220183486 0.14311926605504588
0 0.18543577981651377 0.13853211009174313 0.10940366972477067 0.11926605504587158
0 0.49059633027522925 0.07339449541284403 0.0990825688073394 0.14678899082568805
0 0.5917431192660549 0.081651376146789 0.09220183486238524 0.14862385321100918
