0 0.6825269999999999 0.135838 0.101687 0.181577
0 0.36960099999999996 0.18351199999999998 0.10378899999999999 0.182454
0 0.5891679999999999 0.072056 0.079117 0.118044
0 0.4839860000000001 0.063358 0.069047 0.126717
0 0.2659403669724771 0.2908256880733945 0.10252293577981654 0.15963302752293576
0 0.1985091743119266 0.2527522935779817 0.08463302752293578 0.1275229357798165
0 0.14243119266055046 0.3018348623853211 0.0688073394495413 0.06788990825688074
0 0.17339449541284402 0.16376146788990828 0.09770642201834864 0.08899082568807339
0 0.05401376146788991 0.47064220183486244 0.059862385321100914 0.06972477064220187
0 0.155848623853211 0.8009174311926606 0.08738532110091743 0.10091743119266056
0 0.27591743119266054 0.8646788990825688 0.08807339449541285 0.10366972477064224
0 0.35607798165137616 0.8825688073394495 0.09977064220183482 0.12293577981651396
0 0.6412844036697248 0.7587155963302752 0.11559633027522948 0.1577981651376146
0 0.7720183486238532 0.7091743119266056 0.09082568807339442 0.11743119266055047
0 0.7561926605504588 0.8711009174311926 0.07568807339449535 0.09266055045871567
0 0.6278669724770642 0.9243119266055047 0.08876146788990823 0.10366972477064237
0 0.6712155963302752 0.48715596330275235 0.09977064220183493 0.17247706422018347
0 0.7751146788990826 0.4853211009174312 0.11628440366972484 0.1467889908256881
0 0.7682339449541286 0.2779816513761467 0.09426605504587159 0.1064220183486238
