0 0.269793 0.11997900000000002 0.078859 0.140129
0 0.5915020000000001 0.069367 0.074693 0.121719
0 0.3498853211009174 0.20963302752293578 0.09701834862385318 0.1513761467889908
0 0.49025229357798167 0.06513761467889909 0.09426605504587152 0.13027522935779817
0 0.26284403669724765 0.28807339449541286 0.08807339449541285 0.14678899082568808
0 0.19300458715596322 0.25596330275229356 0.07362385321100917 0.12477064220183492
0 0.1448394495412844 0.2889908256880734 0.0626146788990826 0.07339449541284405
0 0.17167431192660548 0.16100917431192663 0.08876146788990823 0.08899082568807336
0 0.04954128440366972 0.3711009174311927 0.0853211009174312 0.06697247706422026
0 0.16238532110091744 0.8045871559633028 0.08669724770642201 0.10275229357798167
0 0.2731651376146789 0.8559633027522935 0.07431192660550458 0.08623853211009176
0 0.34678899082568804 0.8752293577981652 0.08669724770642201 0.09174311926605498
0 0.49231651376146784 0.8403669724770643 0.09701834862385318 0.25137614678899084
0 0.6261467889908258 0.9440366972477066 0.10871559633027524 0.11192660550458712
0 0.7548165137614677 0.8738532110091742 0.08944954128440358 0.08715596330275233
0 0.7658256880733945 0.7059633027522935 0.11146788990825698 0.11284403669724767
0 0.6395642201834864 0.7472477064220183 0.12041284403669734 0.15504587155963293
0 0.6777522935779817 0.46651376146789 0.09770642201834874 0.14036697247706428
0 0.7792431192660549 0.48302752293577983 0.1038990825688073 0.14587155963302748
0 0.7799311926605503 0.2674311926605505 0.1038990825688073 0.0926605504587156
