0 0.3628771467889904 0.2003352018348624 0.12432099999999989 0.13526014678899084
0 0.764495 0.22778299999999999 0.10359599999999998 0.139479
0 0.48681192660550393 0.06238532110091744 0.10802752293577969 0.12477064220183488
0 0.7692660550458718 0.48669724770642203 0.110091743119266 0.1293577981651376
0 0.7854357798165138 0.6995412844036697 0.0873853211009174 0.16605504587155956
0 0.7548165137614679 0.860091743119266 0.07844036697247703 0.13302752293577982
0 0.6282110091743118 0.9477064220183484 0.07844036697247701 0.10458715596330297
0 0.5373853211009174 0.8798165137614675 0.11422018348623846 0.24036697247706343
0 0.35194954128440364 0.9004587155963304 0.07500000000000004 0.07614678899082562
0 0.2776376146788991 0.8655963302752293 0.07912844036697252 0.11284403669724781
0 0.1630733944954129 0.8036697247706422 0.08256880733944953 0.10091743119266056
0 0.13899082568807342 0.30412844036697245 0.05504587155963302 0.08715596330275226
0 0.21433486238532112 0.2522935779816514 0.10802752293577982 0.13394495412844037
0 0.26181192660550456 0.28899082568807344 0.11215596330275229 0.1486238532110092
0 0.1764908256880734 0.16605504587155961 0.09426605504587159 0.10275229357798166
0 0.26972477064220185 0.10688073394495415 0.08807339449541285 0.12385321100917433
