0 0.4831639999999999 0.066211 0.079961 0.132421
0 0.34541284403669725 0.21284403669724772 0.09220183486238541 0.12477064220183484
0 0.2738532110091743 0.11009174311926608 0.08532110091743117 0.12660550458715597
0 0.26903669724770646 0.2738532110091743 0.09082568807339449 0.12018348623853212
0 0.19678899082568804 0.26697247706422017 0.06055045871559631 0.10458715596330276
0 0.144151376146789 0.28761467889908254 0.06261467889908257 0.08899082568807337
0 0.17821100917431196 0.1651376146788991 0.10045871559633031 0.09908256880733946
0 0.046444954128440366 0.3747706422018349 0.0805045871559633 0.07431192660550451
0 0.16066513761467888 0.8073394495412844 0.08463302752293575 0.09541284403669721
0 0.2827981651376147 0.8600917431192662 0.07981651376146794 0.12018348623853214
0 0.3461009174311927 0.8752293577981652 0.07293577981651371 0.08807339449541289
0 0.6158256880733946 0.9458715596330276 0.08394495412844044 0.10825688073394488
0 0.7561926605504588 0.8715596330275229 0.07706422018348619 0.08623853211009176
0 0.7751146788990826 0.6977064220183486 0.10665137614678898 0.11651376146788998
0 0.775802752293578 0.4857798165137615 0.10114678899082563 0.12568807339449542
0 0.7740825688073394 0.2788990825688073 0.10871559633027514 0.12110091743119267
