0 0.6436926605504587 0.758256880733945 0.13004587155963307 0.16055045871559642
0 0.7861238532110093 0.7045871559633028 0.0915137614678899 0.11559633027522935
0 0.7620412844036697 0.8674311926605505 0.09288990825688075 0.11284403669724753
0 0.6306192660550459 0.9238532110091744 0.08188073394495426 0.10642201834862391
0 0.6787844036697256 0.48807339449541276 0.11628440366972596 0.16697247706421997
0 0.7706422018348623 0.48440366972477056 0.11559633027522921 0.13761467889908252
0 0.7737385321100918 0.28211009174311924 0.09701834862385311 0.11284403669724767
0 0.5876146788990827 0.07981651376146792 0.08669724770642179 0.15963302752293584
0 0.48784403669724774 0.07339449541284404 0.08944954128440372 0.14678899082568808
0 0.3481651376146789 0.22339449541284404 0.07155963302752291 0.12201834862385322
0 0.2659403669724771 0.2600917431192661 0.08738532110091747 0.12935779816513762
0 0.1954128440366973 0.2646788990825688 0.07155963302752294 0.11284403669724774
0 0.14724770642201837 0.2972477064220184 0.07155963302752295 0.06605504587155966
0 0.17029816513761467 0.1756880733944954 0.09839449541284402 0.1073394495412844
0 0.26903669724770635 0.118348623853211 0.1059633027522936 0.12293577981651374
0 0.04885321100917431 0.35779816513761475 0.06880733944954129 0.06972477064220178
0 0.03543577981651376 0.389908256880734 0.06674311926605504 0.05871559633027523
0 0.056766055045871566 0.47798165137614673 0.058486238532110095 0.07339449541284403
0 0.10011467889908257 0.6174311926605505 0.09977064220183486 0.14128440366972478
0 0.15722477064220183 0.8036697247706424 0.08600917431192659 0.09541284403669721
0 0.26972477064220185 0.8614678899082568 0.06192660550458715 0.07522935779816521
0 0.3471330275229358 0.881651376146789 0.07499999999999997 0.09724770642201833
