0 0.3431700000000001 0.20450464220183476 0.085637 0.1382527155963301
0 0.2776376146788991 0.10137614678899083 0.08600917431192663 0.12385321100917432
0 0.49059633027522936 0.06559633027522936 0.08532110091743114 0.13119266055045872
0 0.5931192660550458 0.07018348623853211 0.09082568807339456 0.12568807339449542
0 0.7709862385321101 0.2614678899082569 0.09977064220183479 0.10642201834862383
0 0.7751146788990826 0.4857798165137615 0.09839449541284412 0.11467889908256886
0 0.680848623853211 0.47293577981651375 0.13004587155963293 0.1642201834862385
0 0.7850917431192661 0.7068807339449541 0.09633027522935776 0.12018348623853212
0 0.7513761467889908 0.8724770642201836 0.07844036697247703 0.10825688073394488
0 0.6244266055045872 0.9435779816513761 0.11766055045871568 0.11284403669724767
0 0.6436926605504587 0.7509174311926605 0.12866972477064223 0.15871559633027515
0 0.4875 0.8389908256880733 0.11353211009174309 0.2834862385321101
0 0.26215596330275226 0.2972477064220183 0.10596330275229354 0.15412844036697237
0 0.20194954128440368 0.2495412844036697 0.08463302752293578 0.13394495412844035
0 0.1764908256880734 0.16009174311926608 0.09288990825688075 0.1
0 0.1496559633027523 0.29082568807339454 0.08050458715596333 0.11192660550458719
0 0.0481651376146789 0.37201834862385325 0.08807339449541285 0.07798165137614682
0 0.16238532110091747 0.8004587155963303 0.08532110091743121 0.11284403669724781
0 0.2673165137614679 0.8467889908256879 0.08600917431192663 0.11743119266055047
0 0.34472477064220186 0.8720183486238521 0.07981651376146774 0.09999999999999988
