0 0.3832360000000001 0.18900100000000003 0.10270200000000002 0.16374300000000003
0 0.680583 0.160492 0.12208000000000001 0.19887
0 0.48165137614678877 0.061926605504587194 0.10045871559633125 0.12385321100917439
0 0.7792431192660557 0.2688073394495411 0.09564220183486347 0.11009174311926624
0 0.7696100917431197 0.48302752293577944 0.11766055045871514 0.14403669724770682
0 0.7819954128440366 0.7059633027522935 0.10940366972477066 0.12935779816513773
0 0.7555045871559634 0.8619266055045872 0.09082568807339456 0.13853211009174302
0 0.6237385321100917 0.9426605504587158 0.08463302752293572 0.11284403669724767
0 0.34472477064220186 0.8894495412844037 0.08119266055045869 0.10550458715596321
0 0.2738532110091743 0.8669724770642202 0.07431192660550455 0.10275229357798167
0 0.16272935779816514 0.8045871559633028 0.08876146788990825 0.1009174311926607
0 0.14759174311926607 0.30321100917431193 0.05160550458715598 0.09449541284403672
0 0.20298165137614677 0.25 0.08119266055045869 0.14036697247706417
0 0.26353211009174315 0.28807339449541286 0.1100917431192661 0.14311926605504588
0 0.27488532110091746 0.10550458715596331 0.09564220183486245 0.14311926605504588
0 0.16926605504587156 0.1628440366972477 0.11559633027522934 0.10183486238532109
