0 0.5925259999999999 0.079561 0.093731 0.124798
0 0.675 0.4807339449541284 0.10321100917431188 0.14311926605504582
0 0.7730504587155963 0.4862385321100917 0.09013761467889907 0.13394495412844037
0 0.7730504587155965 0.23532110091743122 0.08463302752293562 0.1403669724770642
0 0.7809633027522936 0.7128440366972477 0.08669724770642205 0.11376146788990837
0 0.756880733944954 0.8747706422018348 0.07431192660550451 0.08532110091743121
0 0.6302752293577981 0.9220183486238532 0.0825688073394496 0.08990825688073385
0 0.6392201834862385 0.7541284403669724 0.11009174311926608 0.17064220183486228
0 0.2776376146788991 0.11834862385321103 0.0763761467889908 0.13211009174311927
0 0.41009174311926605 0.09036697247706424 0.11284403669724767 0.08165137614678901
0 0.4916284403669724 0.0651376146788991 0.08325688073394484 0.1302752293577982
0 0.3522935779816514 0.9000000000000001 0.09082568807339456 0.09724770642201833
0 0.25940366972477064 0.8454128440366973 0.07431192660550462 0.06697247706422019
0 0.15378440366972476 0.810091743119266 0.08325688073394495 0.08807339449541274
0 0.11181192660550458 0.5692660550458714 0.06536697247706423 0.1146788990825693
0 0.058830275229357805 0.4733944954128441 0.055733944954128437 0.055045871559633
0 0.02408256880733945 0.460091743119266 0.02752293577981652 0.04311926605504583
0 0.1496559633027523 0.2880733944954128 0.06949541284403671 0.06788990825688071
0 0.19438073394495411 0.2555045871559633 0.05986238532110089 0.0834862385321101
0 0.2511467889908253 0.27155963302752284 0.07431192660550448 0.15779816513761458
0 0.3137614678899083 0.22522935779816514 0.1238532110091743 0.08532110091743121
0 0.16857798165137614 0.16009174311926608 0.08394495412844037 0.0981651376146789
