0 0.591133 0.068463 0.076003 0.122348
0 0.7582654862385313 0.8697743761467888 0.08311306422018334 0.10292579816513679
0 0.267063 0.11940899999999999 0.082301 0.137948
0 0.3426605504587158 0.20504587155963308 0.07568807339449543 0.12935779816513762
0 0.4837155963302752 0.0669724770642202 0.0866972477064219 0.13394495412844037
0 0.25871559633027524 0.2922018348623853 0.09770642201834864 0.14403669724770637
0 0.1919724770642202 0.28211009174311924 0.06055045871559635 0.08899082568807341
0 0.14587155963302753 0.3036697247706422 0.05229357798165138 0.09541284403669728
0 0.16272935779816514 0.8077981651376146 0.08876146788990827 0.09082568807339456
0 0.2721330275229358 0.8688073394495412 0.07912844036697252 0.11192660550458726
0 0.3467889908256881 0.8788990825688074 0.08394495412844041 0.09174311926605512
0 0.6302752293577981 0.9458715596330276 0.10458715596330279 0.10825688073394488
0 0.636467889908257 0.7564220183486239 0.1376146788990826 0.15321100917431196
0 0.6780963302752293 0.47110091743119253 0.10802752293577982 0.14770642201834852
0 0.7768348623853211 0.48715596330275224 0.10045871559633028 0.13761467889908252
0 0.7720183486238532 0.2770642201834863 0.09908256880733912 0.08990825688073378
0 0.7788990825688075 0.7036697247706423 0.09908256880733944 0.11743119266055053
