0 0.3543577981651376 0.8839449541284403 0.08944954128440362 0.08899082568807358
0 0.2693807339449541 0.8454128440366974 0.09013761467889907 0.08165137614678912
0 0.15756880733944956 0.8064220183486239 0.07293577981651372 0.08073394495412842
0 0.21605504587155966 0.6935779816513762 0.09908256880733944 0.09541284403669753
0 0.12144495412844038 0.5729357798165137 0.07637614678899082 0.11284403669724774
0 0.04713302752293578 0.476605504587156 0.06536697247706423 0.061467889908256836
0 0.15034403669724772 0.29816513761467894 0.08738532110091743 0.06422018348623855
0 0.03130733944954129 0.3889908256880734 0.06261467889908257 0.07155963302752291
0 0.1744266055045872 0.17339449541284402 0.10252293577981654 0.11743119266055045
0 0.2724770642201835 0.12431192660550458 0.09082568807339453 0.12752293577981652
0 0.34506880733944956 0.2114678899082569 0.08738532110091747 0.10917431192660552
0 0.2625 0.2720183486238532 0.09839449541284406 0.16055045871559634
0 0.4905963302752294 0.07247706422018349 0.08256880733944953 0.14495412844036698
0 0.5865825688073394 0.08486238532110094 0.08463302752293572 0.13853211009174313
0 0.7733944954128441 0.27889908256880735 0.10045871559633028 0.11192660550458715
0 0.7764908256880735 0.48623853211009177 0.09839449541284412 0.13211009174311925
0 0.6770642201834863 0.4766055045871559 0.10458715596330287 0.15321100917431188
0 0.7795871559633027 0.7165137614678898 0.09082568807339442 0.11376146788990824
0 0.6412844036697248 0.75 0.11422018348623858 0.15137614678899097
0 0.631651376146789 0.9243119266055042 0.08532110091743111 0.0944954128440357
0 0.7541284403669719 0.8582568807339449 0.08119266055045923 0.12201834862385348
