0 0.512061 0.111702 0.104485 0.223405
0 0.34600499999999995 0.20068620183486235 0.08582400000000001 0.14365259633027508
0 0.7668577981651375 0.2756880733944954 0.09701834862385325 0.1
0 0.7747706422018348 0.4853211009174312 0.10045871559633028 0.1486238532110091
0 0.6863532110091746 0.5059633027522937 0.10252293577981651 0.21376146788990777
0 0.6213302752293578 0.7077981651376147 0.14449541284403666 0.15321100917431202
0 0.7778669724770643 0.7018348623853211 0.09426605504587159 0.11009174311926614
0 0.7496559633027522 0.8623853211009174 0.09426605504587159 0.12477064220183479
0 0.6295871559633028 0.9380733944954127 0.10596330275229349 0.12385321100917436
0 0.34541284403669725 0.879816513761468 0.08807339449541289 0.08256880733944953
0 0.28107798165137615 0.8688073394495412 0.07087155963302749 0.10458715596330279
0 0.15860091743119262 0.8064220183486238 0.09288990825688073 0.09724770642201833
0 0.14621559633027523 0.2995412844036697 0.05435779816513763 0.09082568807339453
0 0.1961009174311927 0.27844036697247704 0.05917431192660555 0.1073394495412844
0 0.25802752293577985 0.2972477064220184 0.10321100917431196 0.14678899082568808
0 0.27591743119266054 0.11513761467889909 0.08394495412844037 0.1201834862385321
0 0.18268348623853212 0.16605504587155961 0.10252293577981651 0.10825688073394496
