0 0.540094 0.12018699999999999 0.138903 0.24004799999999998
0 0.7737385321100919 0.2839449541284404 0.09426605504587159 0.12201834862385322
0 0.7778669724770643 0.48440366972477067 0.10802752293577982 0.1467889908256881
0 0.6787844036697248 0.4756880733944954 0.09701834862385318 0.18807339449541288
0 0.7727064220183486 0.7110091743119267 0.10458715596330279 0.12293577981651381
0 0.6368119266055047 0.7472477064220183 0.1259174311926605 0.1678899082568806
0 0.6319954128440367 0.9211009174311926 0.08876146788990823 0.09174311926605512
0 0.7527522935779817 0.8743119266055045 0.08256880733944953 0.10642201834862391
0 0.2735091743119266 0.8642201834862385 0.07087155963302752 0.08990825688073385
0 0.34300458715596344 0.8798165137614673 0.07637614678899085 0.08440366972477145
0 0.16169724770642205 0.8068807339449541 0.08944954128440369 0.09082568807339456
0 0.05229357798165138 0.4756880733944955 0.05779816513761468 0.0724770642201834
0 0.14621559633027523 0.29724770642201837 0.07362385321100919 0.07339449541284403
0 0.16307339449541286 0.16330275229357802 0.09220183486238533 0.10642201834862387
0 0.2714449541284404 0.12201834862385322 0.1107798165137615 0.11559633027522935
0 0.2604357798165137 0.2738532110091743 0.08325688073394495 0.14954128440366968
0 0.3454128440366972 0.21972477064220186 0.09220183486238533 0.1036697247706422
0 0.19438073394495414 0.24266055045871548 0.06674311926605503 0.12018348623853209
