0 0.758596 0.24065199999999998 0.101474 0.116528
0 0.269726 0.11350100000000002 0.079116 0.127183
0 0.3461009174311927 0.19724770642201836 0.07568807339449549 0.13944954128440368
0 0.2638761467889908 0.2830275229357798 0.08050458715596336 0.1311926605504587
0 0.1988532110091743 0.24541284403669725 0.0743119266055046 0.12385321100917432
0 0.16376146788990828 0.15688073394495414 0.07981651376146788 0.08807339449541285
0 0.14621559633027525 0.2899082568807339 0.05573394495412845 0.07155963302752294
0 0.15550458715596327 0.8045871559633028 0.10183486238532109 0.09724770642201847
0 0.2686926605504587 0.858256880733945 0.08050458715596327 0.10366972477064237
0 0.3464449541284404 0.8747706422018348 0.075 0.10000000000000014
0 0.4936926605504588 0.8261467889908257 0.11766055045871568 0.2559633027522936
0 0.6357798165137615 0.7463302752293578 0.13073394495412857 0.1477064220183486
0 0.7775229357798165 0.7050458715596329 0.08532110091743121 0.11100917431192656
0 0.7520642201834862 0.8711009174311927 0.070183486238532 0.0889908256880733
0 0.6302752293577981 0.9412844036697249 0.10458715596330279 0.11743119266055047
0 0.6805045871559634 0.473394495412844 0.10045871559633018 0.1559633027522936
0 0.7740825688073394 0.48302752293577983 0.08669724770642205 0.13486238532110092
0 0.5927752293577983 0.081651376146789 0.0915137614678899 0.11743119266055047
0 0.48784403669724774 0.05137614678899083 0.10321100917431196 0.10275229357798166
