0 0.3638350000000001 0.182712 0.093159 0.179365
0 0.585676 0.071807 0.084511 0.13023
0 0.4878440366972477 0.0756880733944954 0.10045871559633035 0.14954128440366973
0 0.7733944954128441 0.2738532110091743 0.08807339449541274 0.1036697247706422
0 0.7747706422018349 0.48715596330275235 0.09908256880733944 0.14128440366972478
0 0.6777522935779817 0.47568807339449537 0.1114678899082569 0.18440366972477057
0 0.7868119266055047 0.6963302752293578 0.0970183486238534 0.14128440366972478
0 0.7510321100917432 0.8775229357798164 0.0873853211009174 0.10550458715596335
0 0.6330275229357798 0.9256880733944954 0.08944954128440372 0.10825688073394503
0 0.6454128440366972 0.751376146788991 0.12110091743119268 0.15779816513761474
0 0.5514908256880735 0.8660550458715602 0.10665137614678892 0.2678899082568801
0 0.34850917431192663 0.8761467889908257 0.0915137614678899 0.09724770642201833
0 0.274197247706422 0.8655963302752293 0.08188073394495411 0.09633027522935776
0 0.15309633027522934 0.8055045871559631 0.0777522935779816 0.08623853211009175
0 0.05951834862385322 0.47981651376146783 0.054357798165137625 0.07522935779816514
0 0.14036697247706423 0.29908256880733947 0.06055045871559631 0.08440366972477065
0 0.193348623853211 0.2646788990825688 0.06605504587155962 0.10917431192660551
0 0.26800458715596354 0.2885321100917428 0.10252293577981648 0.16422018348623835
0 0.17442660550458716 0.16238532110091747 0.08876146788990823 0.09724770642201835
