0 0.35435779816513757 0.893119266055046 0.07293577981651374 0.10000000000000014
0 0.2772935779816514 0.879816513761468 0.07293577981651378 0.10642201834862376
0 0.15894495412844037 0.8045871559633028 0.08807339449541284 0.11926605504587144
0 0.10768348623853212 0.5857798165137615 0.09426605504587159 0.1293577981651376
0 0.07465596330275229 0.2876146788990826 0.0915137614678899 0.08165137614678901
0 0.05091743119266057 0.3472477064220185 0.08256880733944955 0.054128440366972314
0 0.04334862385321101 0.38899082568807336 0.08256880733944955 0.0605504587155963
0 0.15240825688073392 0.33440366972477065 0.08600917431192662 0.13853211009174315
0 0.2573394495412844 0.273394495412844 0.08807339449541285 0.13944954128440368
0 0.34713302752293573 0.22568807339449543 0.08463302752293579 0.10642201834862383
0 0.29277522935779815 0.15871559633027524 0.10940366972477061 0.09724770642201835
0 0.4850917431192655 0.07752293577981642 0.09082568807339446 0.15504587155963284
0 0.17201834862385318 0.16559633027522935 0.11146788990825687 0.10183486238532109
0 0.7730504587155964 0.5018348623853212 0.1107798165137615 0.13761467889908252
0 0.7916284403669726 0.6559633027522936 0.08188073394495404 0.10642201834862391
0 0.7568807339449541 0.8678899082568807 0.08394495412844037 0.09724770642201833
0 0.6196100917431192 0.9440366972477066 0.09288990825688075 0.11192660550458712
0 0.6440366972477065 0.7518348623853212 0.09220183486238526 0.1550458715596332
