0 0.57752 0.31592 0.111884 0.25934
0 0.7731 0.262913 0.10239599999999999 0.090995
0 0.3818807339449542 0.20871559633027523 0.134862385321101 0.12018348623853209
0 0.4850917431192661 0.07522935779816514 0.10183486238532112 0.15045871559633028
0 0.27488532110091746 0.11100917431192663 0.08876146788990823 0.12293577981651378
0 0.26490825688073394 0.27522935779816515 0.08669724770642201 0.13577981651376145
0 0.2057339449541283 0.27155963302752295 0.07155963302752291 0.20366972477064205
0 0.14587155963302753 0.294954128440367 0.059174311926605515 0.09816513761467892
0 0.17855504587155963 0.1591743119266055 0.09151376146788989 0.0944954128440367
0 0.1596330275229358 0.810091743119266 0.10458715596330274 0.09541284403669721
0 0.28107798165137615 0.8637614678899084 0.08050458715596336 0.10000000000000014
0 0.3464449541284404 0.8949541284403669 0.07087155963302749 0.1
0 0.6213302752293578 0.9495412844036697 0.08256880733944953 0.10091743119266056
0 0.7530963302752294 0.8605504587155963 0.08050458715596336 0.13211009174311925
0 0.7892201834862385 0.676605504587156 0.08394495412844023 0.1366972477064222
0 0.7678899082568807 0.47935779816513757 0.11146788990825683 0.14770642201834852
