0 0.23114199999999996 0.099519 0.09635100000000002 0.168143
0 0.49115700000000007 0.837846 0.066426 0.24544
0 0.589395 0.07293 0.078483 0.126252
0 0.767264 0.282522 0.092541 0.10814
0 0.361723 0.18279 0.140023 0.18221999999999997
0 0.4868119266055046 0.06788990825688072 0.10114678899082569 0.13577981651376148
0 0.6712155963302753 0.5155963302752293 0.11766055045871561 0.1339449541284403
0 0.7727064220183486 0.49633027522935774 0.09220183486238524 0.15596330275229356
0 0.7819954128440366 0.7100917431192661 0.0915137614678899 0.11926605504587158
0 0.634059633027523 0.7591743119266056 0.1314220183486239 0.15321100917431196
0 0.6282110091743119 0.9220183486238532 0.08256880733944953 0.10275229357798167
0 0.7565366972477066 0.8715596330275229 0.09013761467889907 0.10825688073394488
0 0.35022935779816516 0.8720183486238531 0.08669724770642205 0.09633027522935791
0 0.2783256880733945 0.8674311926605505 0.075 0.1
0 0.15619266055045875 0.8013761467889909 0.07568807339449544 0.08348623853210996
0 0.14174311926605504 0.2889908256880734 0.06467889908256884 0.07889908256880737
0 0.041972477064220186 0.3802752293577981 0.06605504587155962 0.06330275229357796
0 0.20435779816513758 0.24357798165137617 0.08394495412844033 0.1403669724770642
0 0.2569954128440367 0.29128440366972475 0.10665137614678902 0.1642201834862385
0 0.16272935779816514 0.1669724770642202 0.08463302752293579 0.10275229357798166
