0 0.589941 0.072703 0.075845 0.12049599999999999
0 0.269037 0.11601900000000001 0.079074 0.134094
0 0.3488532110091743 0.20688073394495415 0.08669724770642205 0.12385321100917432
0 0.2628440366972478 0.29266055045871564 0.0963302752293578 0.1467889908256881
0 0.20126146788990817 0.26467889908256886 0.0777522935779817 0.10917431192660555
0 0.14862385321100918 0.3064220183486238 0.06055045871559631 0.10091743119266056
0 0.17889908256880735 0.1646788990825688 0.09220183486238531 0.1036697247706422
0 0.48405963302752275 0.06559633027522936 0.11903669724770607 0.12935779816513762
0 0.7672018348623854 0.2798165137614679 0.10183486238532112 0.09357798165137617
0 0.7740825688073393 0.48669724770642175 0.09633027522935894 0.13853211009174338
0 0.6753440366972479 0.4720183486238533 0.114908256880734 0.15871559633027524
0 0.7709862385321102 0.7077981651376146 0.10940366972477066 0.10733944954128433
0 0.7530963302752294 0.8747706422018348 0.08463302752293572 0.1
0 0.6319954128440367 0.9463302752293578 0.10940366972477066 0.10733944954128433
0 0.6385321100917432 0.75 0.11834862385321095 0.1642201834862385
0 0.4857798165137615 0.8477064220183488 0.12935779816513765 0.25321100917431194
0 0.34266055045871563 0.8811926605504588 0.08119266055045866 0.07981651376146787
0 0.26387614678899085 0.8399082568807339 0.09564220183486243 0.07981651376146787
0 0.16307339449541286 0.8009174311926606 0.08119266055045869 0.08073394495412856
0 0.046100917431192656 0.3738532110091743 0.07706422018348623 0.07431192660550465
