0 0.7583329999999999 0.23978299999999997 0.098619 0.11519
0 0.7713302752293578 0.4830275229357797 0.11284403669724767 0.14220183486238525
0 0.7747706422018348 0.7013761467889907 0.0990825688073398 0.11467889908256886
0 0.7544724770642202 0.8646788990825689 0.0915137614678899 0.13669724770642205
0 0.6237385321100911 0.9486238532110092 0.07775229357798157 0.10275229357798162
0 0.5360091743119266 0.9110091743119267 0.11284403669724767 0.17798165137614674
0 0.35366972477064224 0.9036697247706422 0.09357798165137617 0.13027522935779814
0 0.2769495412844037 0.8660550458715597 0.0915137614678899 0.10825688073394503
0 0.16685779816513763 0.8027522935779817 0.0956422018348624 0.09541284403669735
0 0.14415137614678902 0.30275229357798167 0.05986238532110093 0.08073394495412849
0 0.2040137614678899 0.2651376146788991 0.06674311926605508 0.1009174311926606
0 0.2693807339449541 0.27706422018348625 0.08463302752293583 0.11743119266055047
0 0.375 0.2155963302752294 0.15550458715596333 0.126605504587156
0 0.268348623853211 0.10688073394495413 0.09082568807339449 0.12201834862385322
0 0.18165137614678897 0.1651376146788991 0.11422018348623855 0.09908256880733946
0 0.4885321100917432 0.06926605504587156 0.0935779816513761 0.13853211009174313
