0 0.38954 0.18924700000000003 0.115681 0.16542399999999996
0 0.755664 0.23821500000000004 0.09643 0.11461700000000001
0 0.5866839999999999 0.35641300000000004 0.119579 0.187567
0 0.4847477064220183 0.06697247706422019 0.1107798165137614 0.13394495412844037
0 0.7733944954128441 0.4825688073394495 0.10321100917431181 0.13211009174311925
0 0.7775229357798166 0.705045871559633 0.12935779816513773 0.13119266055045878
0 0.755848623853211 0.8596330275229357 0.09288990825688073 0.12844036697247702
0 0.6254587155963303 0.9518348623853211 0.08394495412844037 0.09633027522935776
0 0.3481651376146789 0.891743119266055 0.08807339449541281 0.0935779816513761
0 0.2735091743119266 0.8711009174311927 0.07637614678899084 0.09633027522935776
0 0.1647935779816514 0.8027522935779817 0.08600917431192659 0.10091743119266056
0 0.040940366972477056 0.37798165137614675 0.06811926605504587 0.08990825688073394
0 0.14862385321100915 0.3027522935779816 0.057798165137614654 0.08623853211009173
0 0.1971330275229358 0.2614678899082569 0.07775229357798168 0.11559633027522938
0 0.26181192660550456 0.286697247706422 0.0997706422018349 0.155045871559633
0 0.2714449541284404 0.10825688073394496 0.1025229357798165 0.14128440366972478
0 0.17442660550458716 0.163302752293578 0.11077981651376147 0.09357798165137617
