0 0.6223715321100919 0.949325605504587 0.07705607339449533 0.10134878899082542
0 0.35335060550458736 0.20270686238532087 0.0647425321100915 0.142369
0 0.32575495412844035 0.12321046788990823 0.08903809174311922 0.14509193577981647
0 0.25894400000000006 0.11181200000000001 0.051152 0.120022
0 0.49472477064220205 0.06330275229357796 0.10458715596330222 0.12660550458715594
0 0.2625 0.28990825688073396 0.10389908256880734 0.14311926605504588
0 0.22121559633027524 0.24541284403669728 0.10527522935779814 0.1348623853211009
0 0.17477064220183486 0.15733944954128443 0.09220183486238537 0.09449541284403669
0 0.14655963302752295 0.2981651376146789 0.07155963302752295 0.08807339449541285
0 0.07465596330275229 0.2692660550458716 0.08876146788990825 0.09266055045871557
0 0.7730504587155963 0.49036697247706423 0.10802752293577968 0.1293577981651376
0 0.7943807339449542 0.6426605504587155 0.057110091743119255 0.09816513761467888
0 0.7503440366972477 0.8573394495412845 0.075 0.1293577981651376
0 0.6464449541284404 0.7518348623853212 0.11490825688073407 0.17155963302752297
0 0.3619266055045871 0.9128440366972478 0.08532110091743114 0.11926605504587158
0 0.2838302752293576 0.8701834862385321 0.07912844036697249 0.11467889908256886
0 0.2384174311926606 0.7912844036697249 0.1314220183486239 0.15871559633027515
0 0.15275229357798165 0.8018348623853211 0.06467889908256881 0.08807339449541289
