0 0.763092 0.23121599999999998 0.090184 0.132273
0 0.3711739541284404 0.20348435779816512 0.13588532110091753 0.14713618348623864
0 0.48302752293577983 0.07064220183486239 0.1073394495412844 0.14128440366972478
0 0.7720183486238532 0.48715596330275235 0.10458715596330279 0.15412844036697243
0 0.7837155963302752 0.703211009174312 0.09082568807339456 0.1642201834862385
0 0.7575688073394496 0.861467889908257 0.10596330275229363 0.14311926605504582
0 0.624770642201835 0.941743119266055 0.09770642201834874 0.1165137614678899
0 0.5373853211009174 0.7733944954128441 0.12798165137614675 0.2568807339449542
0 0.3505733944954128 0.8931192660550458 0.08463302752293579 0.0889908256880733
0 0.2721330275229358 0.8646788990825689 0.09977064220183482 0.10733944954128433
0 0.15825688073394495 0.8022935779816514 0.09908256880733944 0.10733944954128447
0 0.1434633027522936 0.30321100917431193 0.058486238532110095 0.09449541284403672
0 0.21743119266055047 0.24816513761467887 0.094954128440367 0.1311926605504587
0 0.2569954128440367 0.28623853211009176 0.1052752293577982 0.13027522935779817
0 0.27694954128440363 0.11055045871559634 0.09701834862385321 0.12568807339449542
0 0.1744266055045872 0.16376146788990828 0.09426605504587154 0.0926605504587156
