0 0.771341 0.236556 0.10093 0.122008
0 0.6815366972477065 0.4720183486238533 0.09426605504587152 0.12935779816513765
0 0.7702981651376148 0.4788990825688074 0.08188073394495436 0.13394495412844037
0 0.781307339449541 0.7100917431192663 0.07637614678899082 0.12110091743119232
0 0.752408256880734 0.8733944954128441 0.07087155963302763 0.0733944954128441
0 0.6282110091743119 0.9211009174311927 0.08256880733944946 0.09541284403669721
0 0.6392201834862385 0.7550458715596331 0.10321100917431196 0.15229357798165125
0 0.593119266055046 0.06972477064220184 0.08119266055045869 0.11009174311926605
0 0.4840596330275229 0.05366972477064216 0.07224770642201832 0.10733944954128433
0 0.4004587155963303 0.09036697247706423 0.09220183486238533 0.06880733944954129
0 0.2786697247706422 0.2564220183486238 0.09495412844036696 0.12752293577981647
0 0.2088302752293577 0.23807339449541273 0.06261467889908266 0.11467889908256876
0 0.24977064220183479 0.13302752293577952 0.08119266055045873 0.10091743119266033
0 0.16892201834862383 0.17889908256880738 0.07775229357798163 0.09908256880733948
0 0.15103211009174314 0.2977064220183486 0.07087155963302755 0.07614678899082573
0 0.11697247706422019 0.5688073394495413 0.07018348623853213 0.11926605504587165
0 0.05435779816513762 0.4747706422018348 0.04954128440366972 0.05596330275229353
0 0.15688073394495416 0.808256880733945 0.07706422018348624 0.07522935779816521
0 0.25665137614678907 0.8431192660550453 0.06467889908256871 0.06422018348623848
0 0.34678899082568776 0.8853211009174319 0.07018348623853185 0.07706422018348537
