0 0.38434799999999997 0.191651 0.10467399999999999 0.159795
0 0.556098 0.215499 0.09842 0.258868
0 0.7920929999999999 0.281233 0.103825 0.108648
0 0.48784403669724774 0.06284403669724771 0.10321100917431196 0.12568807339449542
0 0.7713302752293578 0.4958715596330275 0.12385321100917437 0.14403669724770637
0 0.7943807339449528 0.6642201834862385 0.06399082568807324 0.11926605504587168
0 0.7307339449541285 0.6825688073394496 0.14587155963302748 0.14311926605504582
0 0.6416284403669725 0.7550458715596329 0.12041284403669728 0.15596330275229364
0 0.6216743119266055 0.9458715596330276 0.08738532110091754 0.10825688073394488
0 0.7586009174311927 0.8674311926605505 0.0873853211009174 0.13853211009174315
0 0.35022935779816516 0.891743119266055 0.09357798165137615 0.09724770642201833
0 0.2659403669724771 0.8623853211009174 0.0915137614678899 0.10642201834862391
0 0.16513761467889906 0.8119266055045871 0.09220183486238531 0.09174311926605498
0 0.25871559633027524 0.28715596330275234 0.08807339449541289 0.14678899082568808
0 0.22362385321100917 0.24495412844036696 0.10045871559633018 0.12844036697247693
0 0.14277522935779818 0.2871559633027523 0.07224770642201835 0.08990825688073394
0 0.1665137614678899 0.1591743119266055 0.08394495412844037 0.08715596330275231
0 0.24564220183486238 0.15045871559633028 0.0977064220183486 0.10091743119266056
0 0.27522935779816504 0.10045871559633024 0.10183486238532109 0.12385321100917426
