0 0.382948 0.189446 0.107675 0.165689
0 0.5607798165137615 0.23394495412844038 0.11422018348623852 0.24770642201834864
0 0.7730504587155963 0.27477064220183484 0.08463302752293586 0.09449541284403665
0 0.7754587155963303 0.48761467889908267 0.0935779816513761 0.1293577981651376
0 0.6805045871559634 0.473394495412844 0.1073394495412844 0.1743119266055045
0 0.7788990825688075 0.6995412844036697 0.09908256880733944 0.13302752293577982
0 0.6416284403669725 0.7490825688073395 0.11903669724770644 0.1642201834862385
0 0.7534403669724771 0.8587155963302753 0.07706422018348619 0.13944954128440373
0 0.6326834862385323 0.9160550458715596 0.09013761467889912 0.1091743119266058
0 0.4912844036697248 0.06513761467889909 0.08669724770642205 0.13027522935779817
0 0.5924311926605504 0.06972477064220184 0.08807339449541289 0.13211009174311927
0 0.2745412844036697 0.12477064220183483 0.08669724770642202 0.1357798165137614
0 0.2597477064220184 0.289908256880734 0.0873853211009174 0.14678899082568808
0 0.19162844036697246 0.268348623853211 0.06949541284403671 0.10917431192660555
0 0.1709862385321101 0.1665137614678899 0.10114678899082569 0.11100917431192661
0 0.13692660550458716 0.2926605504587155 0.05779816513761467 0.08073394495412849
0 0.044036697247706424 0.396788990825688 0.08394495412844037 0.07247706422018346
0 0.05401376146788991 0.4825688073394495 0.06261467889908257 0.08440366972477058
0 0.2139908256880734 0.7059633027522935 0.1073394495412844 0.08715596330275219
0 0.15722477064220183 0.810091743119266 0.09564220183486237 0.10275229357798167
0 0.2738532110091743 0.8655963302752293 0.07431192660550458 0.09816513761467888
0 0.3436926605504587 0.8779816513761469 0.08600917431192663 0.08440366972477065
