0 0.6218059357798164 0.9430863027522937 0.07604323853211033 0.11382739449541282
0 0.31172504587155936 0.13511512844036697 0.07804645871559684 0.11550225688073398
0 0.35091743119266056 0.20091743119266056 0.0798165137614679 0.13944954128440368
0 0.2625 0.2619266055045872 0.09288990825688075 0.10183486238532108
0 0.2088302752293578 0.24174311926605505 0.08325688073394495 0.11467889908256883
0 0.1761467889908257 0.1536697247706422 0.08807339449541286 0.09999999999999998
0 0.25768348623853216 0.09816513761467892 0.048853211009174335 0.11009174311926608
0 0.48165137614678905 0.06192660550458716 0.10596330275229363 0.12385321100917432
0 0.7727064220183487 0.5073394495412844 0.11559633027522935 0.10642201834862391
0 0.7899082568807339 0.6518348623853211 0.09220183486238524 0.11100917431192656
0 0.7472477064220183 0.8605504587155963 0.08532110091743121 0.13761467889908247
0 0.6381880733944955 0.7573394495412845 0.10665137614678898 0.1477064220183486
0 0.35538990825688077 0.9119266055045872 0.08463302752293579 0.11559633027522949
0 0.2755733944954129 0.8655963302752295 0.08600917431192666 0.10917431192660544
0 0.16272935779816514 0.7981651376146789 0.08463302752293579 0.09724770642201833
0 0.11456422018348629 0.5912844036697248 0.09013761467889916 0.13486238532110106
0 0.15 0.29128440366972475 0.07431192660550458 0.08532110091743117
