0 0.6395642201834862 0.7568807339449541 0.12316513761467902 0.1688073394495413
0 0.7716743119266056 0.7018348623853211 0.09426605504587159 0.12477064220183486
0 0.7575688073394496 0.874770642201835 0.08256880733944953 0.10550458715596335
0 0.6299311926605505 0.9490825688073394 0.11766055045871568 0.10183486238532112
0 0.4912844036697248 0.858256880733945 0.1279816513761468 0.2834862385321101
0 0.769954128440367 0.2527522935779817 0.09357798165137624 0.11467889908256883
0 0.7785550458715597 0.48486238532110093 0.09977064220183493 0.12752293577981655
0 0.677408256880734 0.47064220183486244 0.11353211009174316 0.1669724770642202
0 0.5917431192660552 0.0738532110091743 0.09633027522935755 0.11284403669724767
0 0.4899082568807339 0.05825688073394495 0.10596330275229336 0.1165137614678899
0 0.3471330275229358 0.20366972477064219 0.08738532110091743 0.14862385321100915
0 0.2618119266055046 0.29174311926605506 0.09564220183486243 0.15229357798165136
0 0.19816513761467888 0.2522935779816514 0.0798165137614679 0.11926605504587158
0 0.2745412844036697 0.11743119266055047 0.10045871559633028 0.13027522935779817
0 0.16892201834862383 0.16009174311926608 0.10114678899082566 0.1
0 0.14862385321100918 0.29082568807339454 0.06192660550458715 0.07522935779816514
0 0.053325688073394495 0.3646788990825688 0.07775229357798166 0.07064220183486242
0 0.15825688073394498 0.8091743119266056 0.0798165137614679 0.08807339449541289
0 0.2724770642201835 0.8518348623853211 0.08256880733944953 0.1
0 0.34438073394495416 0.8761467889908258 0.07637614678899084 0.11192660550458712
