0 0.5878229999999999 0.074852 0.08551700000000001 0.121055
0 0.34456199999999926 0.20616922018348635 0.08869699999999994 0.13358055963302776
0 0.48715596330275235 0.06926605504587156 0.09770642201834867 0.13119266055045872
0 0.2783256880733945 0.11972477064220184 0.09701834862385321 0.12935779816513762
0 0.17305045871559635 0.1665137614678899 0.09701834862385322 0.09082568807339449
0 0.21020642201834863 0.2467889908256881 0.08600917431192663 0.12477064220183486
0 0.2604357798165138 0.2903669724770642 0.1052752293577982 0.15504587155963304
0 0.14655963302752295 0.30091743119266057 0.07706422018348626 0.06422018348623855
0 0.043348623853211005 0.3729357798165138 0.06330275229357799 0.061467889908256905
0 0.057110091743119276 0.4738532110091743 0.05229357798165138 0.06330275229357796
0 0.21674311926605505 0.6903669724770642 0.11559633027522935 0.10917431192660555
0 0.16238532110091744 0.7990825688073394 0.09908256880733944 0.08623853211009162
0 0.2776376146788991 0.8743119266055046 0.075 0.1009174311926607
0 0.3443807339449541 0.8711009174311926 0.075 0.09266055045871553
0 0.4685779816513762 0.8486238532110093 0.14174311926605504 0.2807339449541284
0 0.643348623853211 0.7522935779816514 0.1279816513761468 0.15963302752293573
0 0.7778669724770643 0.7009174311926606 0.09013761467889907 0.11926605504587158
0 0.7527522935779817 0.8692660550458716 0.09220183486238526 0.09266055045871553
0 0.6313073394495413 0.9201834862385323 0.09426605504587159 0.09174311926605512
0 0.6688073394495413 0.5004587155963303 0.11146788990825683 0.12018348623853199
0 0.7706422018348624 0.4857798165137615 0.09633027522935791 0.14220183486238525
0 0.7716743119266056 0.26697247706422017 0.09288990825688075 0.11559633027522935
