0 0.379392 0.199803 0.111577 0.144965
0 0.563168 0.108447 0.082518 0.216894
0 0.48440366972477067 0.06467889908256881 0.08669724770642205 0.12935779816513762
0 0.2738532110091743 0.11330275229357799 0.0798165137614679 0.1385321100917431
0 0.2614678899082569 0.26926605504587153 0.0963302752293578 0.10000000000000002
0 0.19782110091743121 0.2967889908256881 0.0653669724770642 0.14403669724770643
0 0.13967889908256884 0.2931192660550459 0.06467889908256881 0.09082568807339446
0 0.18061926605504589 0.16376146788990828 0.10940366972477063 0.0981651376146789
0 0.7696100917431192 0.273394495412844 0.10940366972477063 0.08807339449541285
0 0.7675458715596329 0.4908256880733945 0.1038990825688073 0.13027522935779814
0 0.7699541284403669 0.7050458715596329 0.09908256880733944 0.11467889908256879
0 0.7589449541284403 0.8555045871559633 0.08119266055045869 0.1275229357798166
0 0.6213302752293578 0.9463302752293578 0.10183486238532112 0.10366972477064224
0 0.3485091743119266 0.884862385321101 0.08600917431192663 0.08532110091743121
0 0.2852064220183486 0.8766055045871559 0.08463302752293579 0.11284403669724767
0 0.16307339449541286 0.8068807339449542 0.09357798165137617 0.1
