0 0.6405963302752293 0.7477064220183485 0.11972477064220186 0.1541284403669725
0 0.7792431192660552 0.7178899082568807 0.09977064220183479 0.13853211009174315
0 0.7572247706422026 0.858256880733945 0.08325688073394509 0.12018348623853159
0 0.6340596330275229 0.9151376146788991 0.08600917431192656 0.11284403669724767
0 0.671559633027523 0.48302752293577983 0.11972477064220179 0.17155963302752292
0 0.773394495412844 0.48348623853211015 0.09220183486238524 0.15963302752293573
0 0.7709862385321101 0.28027522935779814 0.09288990825688073 0.1110091743119266
0 0.5903669724770643 0.08669724770642202 0.08669724770642205 0.17339449541284405
0 0.48268348623853213 0.07155963302752294 0.0915137614678899 0.14311926605504588
0 0.35642201834862386 0.21926605504587154 0.08394495412844037 0.12110091743119263
0 0.27488532110091746 0.1224770642201835 0.10940366972477066 0.14770642201834863
0 0.17545871559633028 0.15871559633027524 0.0894495412844037 0.10275229357798166
0 0.2621559633027523 0.2651376146788991 0.09495412844036694 0.13027522935779806
0 0.1954128440366973 0.2564220183486238 0.06055045871559631 0.1201834862385321
0 0.14483944954128444 0.29908256880733947 0.07362385321100914 0.0807339449541284
0 0.048509174311926605 0.3545871559633028 0.07224770642201835 0.06697247706422012
0 0.041972477064220186 0.3862385321100918 0.07844036697247707 0.06238532110091746
0 0.05435779816513762 0.48211009174311925 0.06743119266055046 0.07247706422018346
0 0.10080275229357799 0.6642201834862385 0.09288990825688073 0.10275229357798167
0 0.1599770642201835 0.8087155963302751 0.08188073394495414 0.09449541284403679
0 0.270756880733945 0.8642201834862385 0.06261467889908261 0.09174311926605512
0 0.34988532110091747 0.8761467889908258 0.07500000000000004 0.08623853211009176
