0 0.3096502477064218 0.129450871559633 0.08759149541284451 0.10878329357798161
0 0.35057339449541286 0.20091743119266056 0.08050458715596327 0.13577981651376145
0 0.49025229357798145 0.06697247706422017 0.10527522935779823 0.13394495412844032
0 0.7706422018348624 0.48027522935779815 0.10321100917431181 0.14403669724770637
0 0.7961009174311927 0.6509174311926605 0.06055045871559628 0.0926605504587156
0 0.75 0.8541284403669723 0.08807339449541289 0.12844036697247715
0 0.6196100917431193 0.9458715596330276 0.08738532110091754 0.10825688073394488
0 0.6375 0.7545871559633028 0.11628440366972477 0.1697247706422017
0 0.35022935779816516 0.9146788990825686 0.08256880733944953 0.11376146788990824
0 0.2790137614678899 0.8688073394495412 0.08050458715596331 0.10642201834862391
0 0.16444954128440364 0.8036697247706422 0.08669724770642201 0.10275229357798167
0 0.10630733944954128 0.6068807339449541 0.09839449541284402 0.07431192660550451
0 0.14036697247706423 0.29495412844036684 0.06743119266055046 0.07798165137614683
0 0.22052752293577985 0.24908256880733945 0.1080275229357798 0.13119266055045872
0 0.2673165137614679 0.2711009174311927 0.08050458715596336 0.11467889908256883
0 0.2538990825688074 0.10366972477064222 0.04954128440366972 0.10458715596330277
0 0.169954128440367 0.1577981651376147 0.08532110091743121 0.09541284403669724
