0 0.598775 0.08149800000000001 0.089741 0.12282
0 0.4930045871559631 0.06100917431192658 0.08738532110091729 0.12201834862385316
0 0.4107798165137615 0.09174311926605502 0.11009174311926598 0.08256880733944955
0 0.2772935779816514 0.11697247706422019 0.09082568807339453 0.13302752293577982
0 0.15619266055045875 0.16009174311926608 0.06743119266055046 0.0743119266055046
0 0.19403669724770645 0.24816513761467887 0.0701834862385321 0.08715596330275228
0 0.1496559633027523 0.28761467889908254 0.07362385321100916 0.08348623853211005
0 0.2659403669724771 0.27110091743119263 0.09701834862385318 0.16788990825688072
0 0.34506880733944956 0.2018348623853211 0.09426605504587159 0.11926605504587155
0 0.057798165137614675 0.47522935779816505 0.055045871559633024 0.06238532110091739
0 0.11215596330275229 0.568348623853211 0.06605504587155962 0.12018348623853214
0 0.15722477064220183 0.8119266055045871 0.07087155963302752 0.09174311926605498
0 0.25837155963302755 0.8486238532110093 0.08050458715596331 0.07522935779816507
0 0.35711009174311925 0.8880733944954129 0.09770642201834862 0.09908256880733944
0 0.6330275229357799 0.921559633027523 0.08119266055045885 0.08715596330275233
0 0.754816513761468 0.8752293577981652 0.07431192660550451 0.08623853211009176
0 0.7778669724770643 0.708256880733945 0.08463302752293586 0.12477064220183479
0 0.6426605504587155 0.7577981651376146 0.10321100917431196 0.14495412844036693
0 0.6780963302752295 0.48440366972477067 0.10252293577981654 0.14862385321100915
0 0.777178899082569 0.4844036697247707 0.09151376146789002 0.1394495412844037
0 0.7751146788990826 0.23761467889908258 0.08463302752293572 0.13394495412844037
