0 0.380473 0.203733 0.103522 0.134958
0 0.584387 0.375775 0.109152 0.18840099999999999
0 0.4833715596330276 0.07706422018348623 0.10940366972477066 0.15412844036697246
0 0.7661697247706423 0.2770642201834862 0.09564220183486243 0.10458715596330272
0 0.7699541284403669 0.49036697247706423 0.12110091743119268 0.14220183486238538
0 0.7740825688073394 0.710091743119266 0.10596330275229349 0.12477064220183479
0 0.754816513761468 0.8564220183486239 0.09082568807339456 0.13302752293577996
0 0.6206422018348624 0.9481651376146789 0.09357798165137617 0.10366972477064224
0 0.3454128440366972 0.8770642201834863 0.07431192660550458 0.08073394495412842
0 0.273165137614679 0.8642201834862385 0.08807339449541285 0.10642201834862391
0 0.16066513761467888 0.8041284403669725 0.0915137614678899 0.10550458715596335
0 0.1400229357798165 0.29174311926605506 0.0639908256880734 0.0752293577981651
0 0.27075688073394494 0.2633027522935781 0.08738532110091743 0.10091743119266061
0 0.2728211009174312 0.11559633027522936 0.08600917431192666 0.12110091743119267
0 0.18061926605504589 0.15412844036697249 0.10389908256880734 0.11009174311926605
0 0.20160550458715598 0.294954128440367 0.06743119266055046 0.14954128440366973
