0 0.5908 0.069286 0.07617 0.123047
0 0.48538200000000004 0.067086 0.079193 0.134171
0 0.35091743119266056 0.2073394495412844 0.09082568807339456 0.12293577981651374
0 0.27488532110091746 0.10825688073394496 0.1011467889908257 0.13211009174311925
0 0.2594036697247705 0.2967889908256881 0.09357798165137597 0.1513761467889907
0 0.19575688073394495 0.28073394495412846 0.06674311926605508 0.09357798165137617
0 0.14690366972477065 0.2981651376146789 0.05573394495412845 0.08440366972477065
0 0.17545871559633028 0.16513761467889906 0.09357798165137617 0.09908256880733948
0 0.1613532110091743 0.8123853211009174 0.07775229357798163 0.08348623853210996
0 0.28073394495412846 0.865137614678899 0.07018348623853207 0.0935779816513761
0 0.34403669724770647 0.8784403669724771 0.08256880733944953 0.09082568807339442
0 0.5270642201834859 0.8674311926605501 0.11422018348623815 0.26513761467889907
0 0.6333715596330276 0.9513761467889909 0.10252293577981654 0.09724770642201833
0 0.6385321100917432 0.7449541284403671 0.13073394495412857 0.1541284403669725
0 0.7806192660550458 0.7013761467889907 0.09151376146788986 0.12201834862385329
0 0.7541284403669724 0.8577981651376146 0.07706422018348619 0.12110091743119268
0 0.6794724770642202 0.46743119266055044 0.09564220183486243 0.14954128440366973
0 0.7733944954128441 0.4793577981651376 0.09220183486238526 0.11467889908256879
0 0.769954128440367 0.2688073394495413 0.10045871559633028 0.10458715596330276
