0 0.342183 0.18144 0.09173999999999999 0.185829
0 0.638105999999999 0.7513209449541287 0.11690399999999976 0.16053488990825643
0 0.4954128440366972 0.07752293577981652 0.08256880733944953 0.15504587155963304
0 0.5944954128440366 0.08302752293577981 0.08944954128440372 0.1642201834862385
0 0.769954128440367 0.27706422018348625 0.10183486238532097 0.09541284403669724
0 0.775802752293578 0.4990825688073394 0.0901376146788992 0.13211009174311933
0 0.6873853211009177 0.47522935779816433 0.08532110091743164 0.17614678899082542
0 0.6030963302752295 0.4853211009174312 0.13004587155963307 0.1688073394495413
0 0.7816513761467891 0.7091743119266056 0.10321100917431196 0.11743119266055047
0 0.6306192660550459 0.9178899082568813 0.09426605504587167 0.12018348623853212
0 0.750688073394496 0.8669724770642201 0.08256880733945005 0.10642201834862391
0 0.34506880733944956 0.8715596330275229 0.08876146788990823 0.08807339449541289
0 0.2693807339449542 0.8550458715596332 0.07637614678899084 0.09357798165137624
0 0.21467889908256882 0.6889908256880736 0.1004587155963303 0.1009174311926607
0 0.16272935779816514 0.8077981651376146 0.09013761467889907 0.09266055045871553
0 0.05435779816513762 0.47477064220183485 0.06055045871559632 0.06513761467889907
0 0.041284403669724766 0.3889908256880734 0.07431192660550458 0.07522935779816514
0 0.14174311926605504 0.2981651376146789 0.056422018348623856 0.06788990825688071
0 0.1930045871559633 0.2665137614678899 0.06674311926605504 0.09816513761467892
0 0.26181192660550456 0.2830275229357798 0.09013761467889907 0.1403669724770642
0 0.2669724770642202 0.11651376146788989 0.07981651376146771 0.11376146788990821
0 0.16823394495412847 0.16559633027522921 0.08876146788990825 0.09816513761467874
