0 0.6419724770642202 0.7527522935779817 0.11422018348623852 0.1770642201834862
0 0.7788990825688075 0.7059633027522935 0.09220183486238526 0.12935779816513773
0 0.7561926605504588 0.8623853211009174 0.08394495412844023 0.1211009174311927
0 0.6337155963302752 0.918348623853211 0.0866972477064219 0.11559633027522949
0 0.6801605504587155 0.4931192660550461 0.12454128440366972 0.18256880733944947
0 0.7723623853211005 0.48348623853210987 0.09701834862385264 0.15963302752293576
0 0.7702981651376146 0.28348623853211014 0.10252293577981632 0.11926605504587157
0 0.5955275229357797 0.08944954128440365 0.09839449541284416 0.15504587155963298
0 0.48612385321100926 0.07568807339449542 0.09564220183486243 0.15137614678899083
0 0.3522935779816514 0.21834862385321102 0.08394495412844037 0.1284403669724771
0 0.256651376146789 0.2729357798165138 0.10183486238532112 0.14403669724770643
0 0.19403669724770642 0.24724770642201832 0.0688073394495413 0.11284403669724767
0 0.15103211009174314 0.29587155963302747 0.07224770642201835 0.0724770642201835
0 0.17305045871559635 0.16972477064220187 0.08050458715596327 0.10275229357798166
0 0.26697247706422017 0.1114678899082569 0.10183486238532112 0.12385321100917433
0 0.0536697247706422 0.3587155963302753 0.07293577981651377 0.06055045871559635
0 0.04575688073394495 0.4018348623853211 0.0915137614678899 0.06422018348623851
0 0.0529816513761468 0.473394495412844 0.050917431192660546 0.06422018348623851
0 0.22121559633027538 0.6733944954128439 0.11766055045871578 0.12110091743119274
0 0.19678899082568807 0.778440366972477 0.1376146788990826 0.1165137614678899
0 0.34713302752293573 0.8788990825688074 0.09564220183486234 0.07706422018348619
0 0.2659403669724771 0.8527522935779817 0.07087155963302752 0.09266055045871567
