0 0.3433800000000003 0.20287221100917432 0.08671700000000007 0.14355057798165138
0 0.2769495412844037 0.10825688073394496 0.09426605504587159 0.13211009174311925
0 0.4875 0.06972477064220184 0.10389908256880737 0.13027522935779817
0 0.5955275229357798 0.0834862385321101 0.0873853211009174 0.13394495412844037
0 0.7702981651376146 0.2674311926605505 0.09977064220183479 0.09816513761467888
0 0.7716743119266044 0.48899082568807345 0.09839449541284401 0.1284403669724768
0 0.6770642201834863 0.47431192660550453 0.11559633027522928 0.15045871559633034
0 0.7647935779816514 0.7077981651376147 0.10802752293577982 0.12385321100917424
0 0.6368119266055047 0.7545871559633028 0.11903669724770652 0.15504587155963306
0 0.6292431192660551 0.9463302752293578 0.09839449541284394 0.10733944954128433
0 0.7565366972477066 0.8669724770642202 0.0915137614678899 0.10275229357798167
0 0.49025229357798167 0.8522935779816514 0.09977064220183479 0.27155963302752295
0 0.3461009174311927 0.8756880733944954 0.08256880733944953 0.08165137614678898
0 0.2728211009174312 0.8564220183486239 0.08463302752293579 0.11834862385321103
0 0.16376146788990822 0.8000000000000002 0.10321100917431192 0.11009174311926614
0 0.15068807339449536 0.28807339449541286 0.06330275229357797 0.08073394495412811
0 0.20194954128440362 0.2545871559633027 0.08325688073394494 0.1256880733944955
0 0.26559633027522933 0.28623853211009176 0.0977064220183486 0.1541284403669725
0 0.1761467889908257 0.15825688073394498 0.09357798165137617 0.0963302752293578
