0 0.7809633027522936 0.7155963302752295 0.09908256880733944 0.12477064220183492
0 0.7530963302752295 0.8642201834862385 0.09288990825688061 0.11376146788990824
0 0.6326834862385321 0.9169724770642201 0.09288990825688075 0.11284403669724781
0 0.6392201834862385 0.7490825688073396 0.12660550458715597 0.171559633027523
0 0.7768348623853211 0.4853211009174312 0.09633027522935776 0.13577981651376142
0 0.6829128440366972 0.4830275229357799 0.09839449541284394 0.16972477064220187
0 0.7706422018348624 0.2811926605504587 0.10183486238532112 0.1036697247706422
0 0.5934633027522935 0.07614678899082569 0.09013761467889907 0.12660550458715597
0 0.4833715596330276 0.07614678899082569 0.08325688073394488 0.15229357798165138
0 0.35091743119266056 0.2188073394495413 0.08669724770642201 0.1256880733944954
0 0.2673165137614679 0.2610091743119266 0.09564220183486243 0.1275229357798165
0 0.19644495412844037 0.26330275229357797 0.06811926605504588 0.10091743119266056
0 0.1451834862385321 0.29908256880733947 0.07155963302752295 0.07889908256880737
0 0.1761467889908257 0.1665137614678899 0.094954128440367 0.0963302752293578
0 0.2711009174311927 0.11605504587155963 0.10183486238532115 0.12568807339449542
0 0.039220183486238534 0.3830275229357798 0.07293577981651377 0.07431192660550465
0 0.11800458715596329 0.5788990825688073 0.07637614678899085 0.10275229357798162
0 0.21674311926605505 0.6880733944954127 0.10733944954128444 0.10825688073394496
0 0.15997706422018346 0.8045871559633028 0.08600917431192662 0.10458715596330279
0 0.2680045871559633 0.8623853211009174 0.06261467889908254 0.110091743119266
0 0.34678899082568804 0.8770642201834863 0.07706422018348622 0.07706422018348619
