0 0.295278733944954 0.1301087155963303 0.08850946788990834 0.1121594311926604
0 0.37730800000000003 0.12087099999999999 0.10557500000000002 0.239996
0 0.35951834862385323 0.20825688073394497 0.06674311926605504 0.11743119266055045
0 0.26387614678899085 0.2885321100917431 0.09564220183486243 0.16055045871559634
0 0.22672018348623862 0.25000000000000033 0.1066513761467891 0.1293577981651377
0 0.15103211009174314 0.29908256880733947 0.0653669724770642 0.11009174311926608
0 0.17373853211009177 0.15642201834862385 0.08325688073394497 0.1036697247706422
0 0.04128440366972482 0.39311926605504594 0.07568807339449551 0.039449541284403984
0 0.0474770642201835 0.3642201834862384 0.07431192660550459 0.042201834862385296
0 0.15034403669724766 0.8018348623853215 0.08738532110091754 0.10275229357798167
0 0.27694954128440363 0.8678899082568807 0.07499999999999997 0.10825688073394503
0 0.34575688073394495 0.9041284403669725 0.07775229357798163 0.11284403669724781
0 0.5497706422018349 0.8541284403669723 0.11972477064220179 0.24220183486238525
0 0.6206422018348624 0.946788990825688 0.06605504587155962 0.10642201834862391
0 0.7534403669724773 0.8711009174311926 0.09220183486238531 0.0889908256880731
0 0.7985091743119267 0.6536697247706422 0.06674311926605511 0.08715596330275226
0 0.7235091743119267 0.6935779816513762 0.14518348623853214 0.13211009174311933
0 0.6474770642201836 0.7573394495412845 0.09770642201834874 0.16422018348623837
0 0.7672018348623854 0.49082568807339455 0.10045871559633028 0.12660550458715597
0 0.4878440366972475 0.061009174311926595 0.09908256880733944 0.12201834862385319
