0 0.6392201834862385 0.7600917431192662 0.11284403669724767 0.15504587155963306
0 0.775802752293578 0.7105504587155963 0.10940366972477063 0.134862385321101
0 0.7541284403669724 0.8646788990825688 0.08807339449541289 0.09816513761467888
0 0.6330275229357798 0.9174311926605505 0.10733944954128433 0.11192660550458726
0 0.7740825688073394 0.4825688073394495 0.09908256880733944 0.13944954128440357
0 0.6805045871559634 0.48302752293577983 0.09908256880733937 0.16055045871559634
0 0.7713302752293578 0.27844036697247704 0.08807339449541274 0.09449541284403672
0 0.5955275229357798 0.07385321100917432 0.10114678899082577 0.12752293577981652
0 0.49025229357798167 0.0610091743119266 0.09288990825688073 0.12201834862385322
0 0.35091743119266056 0.2211009174311927 0.08119266055045866 0.12293577981651378
0 0.26353211009174315 0.25779816513761467 0.08807339449541289 0.13211009174311925
0 0.19231651376146794 0.2600917431192661 0.075 0.10550458715596331
0 0.14139908256880734 0.3004587155963303 0.05711009174311926 0.06880733944954126
0 0.1709862385321101 0.16376146788990828 0.09977064220183486 0.11467889908256881
0 0.27316513761467887 0.11926605504587155 0.10045871559633024 0.12660550458715594
0 0.11353211009174313 0.5678899082568808 0.06880733944954129 0.11192660550458726
0 0.16788990825688074 0.796788990825688 0.094954128440367 0.09633027522935776
0 0.26559633027522933 0.8490825688073396 0.0646788990825688 0.07614678899082578
0 0.3471330275229358 0.8775229357798164 0.07912844036697247 0.08532110091743121
