0 0.3108461284403669 0.13284456880733944 0.08270141284403681 0.11838572477064233
0 0.3547018348623854 0.20458715596330276 0.06811926605504588 0.13577981651376145
0 0.48543577981651387 0.068348623853211 0.11215596330275232 0.13669724770642203
0 0.7713302752293578 0.4880733944954128 0.10183486238532112 0.1412844036697247
0 0.7978211009174313 0.6591743119266056 0.07087155963302749 0.11834862385321103
0 0.6516055045871559 0.7614678899082569 0.10733944954128433 0.14862385321100915
0 0.6244266055045871 0.9394495412844037 0.07499999999999993 0.1211009174311927
0 0.752408256880733 0.858715596330275 0.08463302752293567 0.1266055045871559
0 0.35504587155963313 0.9050458715596332 0.09770642201834862 0.1275229357798166
0 0.276605504587156 0.8724770642201836 0.08119266055045873 0.110091743119266
0 0.1665137614678899 0.7963302752293577 0.09770642201834864 0.10825688073394488
0 0.10974770642201837 0.5972477064220183 0.1011467889908257 0.08623853211009162
0 0.26284403669724776 0.2637614678899083 0.08944954128440369 0.1
0 0.21743119266055047 0.23027522935779815 0.10733944954128441 0.12660550458715594
0 0.15206422018348623 0.29678899082568805 0.0798165137614679 0.06880733944954126
0 0.1599770642201835 0.16422018348623854 0.07224770642201835 0.09908256880733946
0 0.2501146788990826 0.10275229357798164 0.05298165137614678 0.11192660550458715
