0 0.593356 0.168961 0.105233 0.21692
0 0.377604 0.19006300000000004 0.099967 0.16789
0 0.2604357798165138 0.2848623853211009 0.10940366972477066 0.1642201834862385
0 0.2067660550458716 0.23165137614678902 0.08600917431192659 0.1238532110091743
0 0.16823394495412847 0.15504587155963304 0.0915137614678899 0.08990825688073394
0 0.1434633027522936 0.29678899082568805 0.0805045871559633 0.06513761467889903
0 0.16582568807339448 0.8055045871559636 0.09220183486238534 0.0935779816513766
0 0.27832568807339453 0.8614678899082568 0.08050458715596336 0.0935779816513761
0 0.35676605504587156 0.8954128440366972 0.10802752293577982 0.11926605504587158
0 0.6333715596330276 0.7559633027522936 0.11766055045871561 0.15412844036697237
0 0.7795871559633027 0.6990825688073394 0.09633027522935776 0.12293577981651374
0 0.7548165137614679 0.8816513761467888 0.08394495412844037 0.11376146788990824
0 0.6285550458715596 0.9252293577981652 0.0887614678899083 0.11284403669724767
0 0.6722477064220184 0.48944954128440366 0.1087155963302753 0.1788990825688073
0 0.776834862385321 0.2830275229357798 0.09220183486238524 0.11467889908256879
0 0.7713302752293579 0.48944954128440366 0.09908256880733944 0.1477064220183486
0 0.49438073394495413 0.06651376146788991 0.08600917431192656 0.13302752293577982
