0 0.7709862385321101 0.2334862385321101 0.08463302752293572 0.12201834862385322
0 0.7730504587155964 0.47706422018348627 0.0873853211009174 0.13394495412844037
0 0.6767201834862385 0.4853211009174312 0.10114678899082563 0.1467889908256881
0 0.7826834862385321 0.7169724770642202 0.08325688073394502 0.1293577981651376
0 0.6478211009174312 0.7559633027522936 0.09426605504587143 0.14128440366972483
0 0.6302752293577981 0.9178899082568808 0.07706422018348626 0.1
0 0.7513761467889908 0.8715596330275229 0.07568807339449535 0.08073394495412842
0 0.3526376146788991 0.8876146788990826 0.0928899082568807 0.10366972477064224
0 0.26490825688073394 0.8490825688073395 0.08119266055045869 0.0633027522935781
0 0.15240825688073392 0.8068807339449541 0.08325688073394494 0.07981651376146787
0 0.11387614678899084 0.5688073394495413 0.06949541284403671 0.10091743119266049
0 0.05745412844036697 0.4747706422018348 0.04747706422018348 0.05596330275229356
0 0.022018348623853212 0.4596330275229357 0.030275229357798167 0.04036697247706421
0 0.15 0.29587155963302747 0.07431192660550458 0.0724770642201835
0 0.19334862385321103 0.2536697247706422 0.06192660550458715 0.07798165137614674
0 0.25665137614678896 0.2720183486238532 0.08119266055045873 0.14770642201834858
0 0.30894495412844036 0.18807339449541285 0.12798165137614675 0.12110091743119268
0 0.17442660550458722 0.16605504587155961 0.08188073394495404 0.08073394495412842
0 0.2669724770642202 0.11467889908256881 0.08944954128440367 0.07522935779816514
0 0.41318807339449537 0.08440366972477065 0.11353211009174309 0.08807339449541285
0 0.4823394495412845 0.07431192660550459 0.07293577981651374 0.14862385321100918
0 0.5955275229357798 0.07110091743119266 0.08325688073394495 0.11100917431192661
