0 0.3461009174311927 0.8885321100917432 0.07568807339449542 0.07064220183486228
0 0.26422018348623844 0.8495412844036694 0.06743119266055045 0.07522935779816539
0 0.1592889908256881 0.8036697247706422 0.08325688073394495 0.07706422018348619
0 0.118348623853211 0.5756880733944953 0.07568807339449542 0.13669724770642197
0 0.05057339449541285 0.4743119266055046 0.052981651376146785 0.06238532110091739
0 0.12075688073394496 0.21651376146788992 0.07087155963302752 0.07706422018348622
0 0.14415137614678894 0.29862385321100915 0.09013761467889907 0.06513761467889914
0 0.20951834862385318 0.23944954128440368 0.06261467889908257 0.11192660550458719
0 0.273165137614679 0.2724770642201835 0.10183486238532115 0.11743119266055042
0 0.18405963302752293 0.15091743119266054 0.05986238532110099 0.081651376146789
0 0.25114678899082576 0.13577981651376145 0.08256880733944957 0.09908256880733944
0 0.4097477064220183 0.09036697247706423 0.09151376146788998 0.06697247706422019
0 0.4854357798165135 0.06467889908256881 0.06674311926605497 0.12935779816513762
0 0.5938073394495413 0.07614678899082569 0.07844036697247703 0.11926605504587157
0 0.7723623853211009 0.25779816513761467 0.07637614678899084 0.10091743119266053
0 0.7709862385321103 0.48348623853211004 0.07637614678899085 0.12660550458715594
0 0.6787844036697256 0.47155963302752285 0.10114678899082609 0.1449541284403669
0 0.645756880733945 0.7646788990825688 0.09013761467889907 0.16055045871559628
0 0.7806192660550458 0.713302752293578 0.075 0.11467889908256894
0 0.7530963302752294 0.8724770642201836 0.06674311926605497 0.0788990825688073
0 0.6302752293577977 0.9229357798165139 0.09220183486238519 0.09908256880733904
0 0.04506880733944953 0.36009174311926606 0.07224770642201835 0.05963302752293572
