0 0.589945 0.265546 0.11733 0.263715
0 0.587061 0.071365 0.086513 0.124681
0 0.37290000000000006 0.18001 0.132372 0.185087
0 0.7668577981651375 0.27155963302752295 0.10252293577981661 0.10458715596330272
0 0.7744266055045873 0.481651376146789 0.09977064220183493 0.11192660550458719
0 0.6763761467889908 0.48623853211009177 0.10183486238532119 0.16513761467889906
0 0.6412844036697248 0.756880733944954 0.11834862385321093 0.14862385321100915
0 0.7819954128440366 0.7004587155963303 0.09426605504587159 0.12752293577981655
0 0.7558486238532108 0.8720183486238531 0.0915137614678899 0.12018348623853214
0 0.6330275229357798 0.9238532110091744 0.0935779816513761 0.0935779816513761
0 0.36192660550458716 0.893119266055046 0.09633027522935782 0.10366972477064224
0 0.27522935779816515 0.868348623853211 0.08944954128440369 0.10550458715596335
0 0.16100917431192663 0.8045871559633028 0.0908256880733945 0.08990825688073385
0 0.21915137614678898 0.7059633027522935 0.11628440366972477 0.07064220183486228
0 0.056422018348623856 0.46788990825688076 0.052293577981651386 0.06238532110091739
0 0.05298165137614678 0.294954128440367 0.07981651376146788 0.0651376146788991
0 0.19128440366972477 0.2518348623853211 0.07293577981651374 0.11467889908256879
0 0.2597477064220184 0.2926605504587156 0.10527522935779814 0.17614678899082567
0 0.14311926605504588 0.2972477064220183 0.059174311926605515 0.08256880733944957
0 0.1751146788990826 0.1559633027522936 0.0997706422018349 0.11376146788990826
0 0.4926605504587156 0.07477064220183488 0.09220183486238541 0.14954128440366973
