0 0.590926 0.068282 0.076531 0.123609
0 0.266802 0.1199 0.082129 0.138107
0 0.35057339449541286 0.20366972477064219 0.08188073394495408 0.13394495412844035
0 0.25940366972477064 0.2940366972477064 0.10045871559633031 0.14587155963302753
0 0.19231651376146786 0.2986238532110092 0.07362385321100916 0.12568807339449542
0 0.13899082568807342 0.30137614678899083 0.04954128440366972 0.08715596330275233
0 0.18061926605504589 0.1688073394495413 0.1025229357798165 0.11192660550458715
0 0.046788990825688076 0.37477064220183487 0.08119266055045872 0.0688073394495413
0 0.058830275229357805 0.473394495412844 0.05022935779816514 0.06788990825688074
0 0.15894495412844037 0.8018348623853211 0.09357798165137617 0.09908256880733944
0 0.268348623853211 0.8495412844036698 0.07431192660550458 0.09724770642201833
0 0.34541284403669725 0.8811926605504588 0.07844036697247705 0.08715596330275233
0 0.519839449541284 0.8775229357798163 0.13004587155963288 0.24495412844036646
0 0.6361238532110093 0.7518348623853212 0.13279816513761475 0.1587155963302753
0 0.6302752293577982 0.9477064220183486 0.10183486238532112 0.10275229357798167
0 0.7517201834862385 0.8688073394495412 0.09288990825688061 0.10642201834862391
0 0.7788990825688075 0.7073394495412845 0.09357798165137624 0.110091743119266
0 0.6815366972477065 0.47477064220183485 0.10665137614678898 0.16238532110091738
0 0.7730504587155964 0.486697247706422 0.10114678899082577 0.14587155963302748
0 0.7740825688073394 0.28348623853211014 0.10596330275229349 0.11009174311926608
0 0.4847477064220183 0.06284403669724771 0.09564220183486234 0.12568807339449542
