0 0.5720070000000002 0.296633 0.108949 0.252557
0 0.34589 0.180397 0.08480799999999998 0.18479799999999996
0 0.59498 0.09687700000000002 0.131879 0.19317400000000004
0 0.7685779816513761 0.27201834862385327 0.08807339449541289 0.10183486238532115
0 0.7768348623853211 0.48211009174311925 0.0935779816513761 0.12935779816513765
0 0.6808486238532109 0.5100917431192655 0.11490825688073368 0.21651376146788984
0 0.6220183486238536 0.7032110091743117 0.15275229357798098 0.16788990825688074
0 0.7775229357798168 0.705045871559633 0.09633027522935791 0.10183486238532112
0 0.7544724770642202 0.856880733944954 0.09839449541284412 0.12477064220183479
0 0.6275229357798165 0.9504587155963303 0.11834862385321103 0.09908256880733944
0 0.34782110091743124 0.8825688073394495 0.075 0.08807339449541274
0 0.28038990825688076 0.8706422018348624 0.07912844036697247 0.11009174311926614
0 0.16238532110091744 0.8123853211009174 0.07706422018348624 0.09266055045871567
0 0.14243119266055046 0.29449541284403674 0.059174311926605515 0.09541284403669724
0 0.19541284403669723 0.276605504587156 0.06330275229357796 0.11834862385321103
0 0.25768348623853216 0.29633027522935784 0.1025229357798165 0.15229357798165138
0 0.2717889908256881 0.1073394495412844 0.08119266055045869 0.13761467889908258
0 0.18440366972477065 0.16284403669724776 0.11422018348623851 0.10550458715596331
0 0.47993119266055045 0.06559633027522936 0.09839449541284402 0.13119266055045872
