0 0.377631 0.200027 0.095213 0.147219
0 0.4864678899082569 0.06697247706422019 0.09082568807339456 0.13394495412844037
0 0.7716743119266056 0.25596330275229356 0.08600917431192656 0.09541284403669724
0 0.7730504587155963 0.48486238532110093 0.10940366972477066 0.1440366972477063
0 0.778211009174312 0.7114678899082568 0.0935779816513761 0.1165137614678899
0 0.7527522935779817 0.8559633027522935 0.08669724770642205 0.13027522935779814
0 0.6189220183486239 0.941743119266055 0.0873853211009174 0.1165137614678899
0 0.3550458715596331 0.8747706422018348 0.08669724770642198 0.09266055045871567
0 0.2772935779816514 0.8660550458715597 0.08119266055045869 0.10458715596330265
0 0.16204128440366972 0.7940366972477065 0.0915137614678899 0.10550458715596321
0 0.1444954128440367 0.2903669724770642 0.05229357798165136 0.05963302752293572
0 0.20022935779816514 0.30091743119266057 0.07293577981651378 0.15412844036697249
0 0.270756880733945 0.2674311926605505 0.08463302752293579 0.1110091743119266
0 0.2717889908256881 0.11146788990825689 0.08807339449541281 0.13119266055045872
0 0.18061926605504589 0.16192660550458715 0.10940366972477066 0.10183486238532109
