0 0.34574300000000036 0.2058735229357798 0.10879399999999997 0.1365809541284403
0 0.4847477064220184 0.07568807339449542 0.10114678899082563 0.14403669724770643
0 0.5907110091743117 0.07706422018348622 0.08600917431192688 0.14678899082568805
0 0.7702981651376147 0.2894495412844037 0.09564220183486243 0.11467889908256883
0 0.7723623853211009 0.48669724770642203 0.09426605504587159 0.15871559633027524
0 0.680848623853211 0.48302752293577983 0.09564220183486234 0.17155963302752297
0 0.780619266055046 0.7087155963302751 0.09701834862385325 0.11284403669724767
0 0.6405963302752294 0.758256880733945 0.14174311926605512 0.14403669724770637
0 0.6230504587155964 0.9197247706422018 0.09701834862385318 0.11100917431192656
0 0.7551605504587156 0.8793577981651376 0.08738532110091725 0.10183486238532097
0 0.34782110091743124 0.8802752293577981 0.08600917431192659 0.08715596330275219
0 0.27006880733944955 0.8605504587155963 0.07087155963302749 0.08440366972477065
0 0.16513761467889906 0.8055045871559634 0.09770642201834864 0.09908256880733944
0 0.05745412844036697 0.4701834862385321 0.05160550458715596 0.061467889908256905
0 0.059174311926605494 0.3688073394495413 0.0756880733944954 0.05688073394495412
0 0.05229357798165138 0.39724770642201834 0.08807339449541285 0.05688073394495412
0 0.14724770642201834 0.3004587155963303 0.09220183486238533 0.08348623853211005
0 0.1981651376146789 0.2527522935779816 0.08119266055045875 0.12018348623853209
0 0.26181192660550456 0.2628440366972477 0.098394495412844 0.15871559633027524
0 0.26490825688073394 0.11743119266055048 0.10045871559633028 0.14128440366972478
0 0.1709862385321101 0.16376146788990822 0.10252293577981651 0.11284403669724771
0 0.4864678899082571 0.7642201834862388 0.09770642201834874 0.23119266055045834
