0 0.4667319999999999 0.116116 0.0754 0.23096499999999998
0 0.3522935779816514 0.21605504587155963 0.0798165137614679 0.1311926605504587
0 0.268348623853211 0.2784403669724771 0.11284403669724773 0.12018348623853212
0 0.2005733944954129 0.276605504587156 0.06949541284403668 0.10183486238532112
0 0.2786697247706422 0.11743119266055047 0.09770642201834864 0.1284403669724771
0 0.18061926605504589 0.16926605504587158 0.0928899082568807 0.10183486238532112
0 0.1451834862385321 0.29174311926605506 0.06330275229357801 0.10091743119266056
0 0.7644495412844037 0.27706422018348625 0.09633027522935776 0.09908256880733944
0 0.7696100917431192 0.48211009174311925 0.10665137614678898 0.1348623853211008
0 0.7771788990825688 0.7036697247706423 0.09013761467889907 0.13394495412844043
0 0.7586009174311925 0.8720183486238533 0.07637614678899084 0.09266055045871553
0 0.6337155963302752 0.9477064220183488 0.0977064220183486 0.10458715596330265
0 0.35022935779816516 0.8733944954128441 0.08256880733944953 0.08073394495412856
0 0.2731651376146789 0.8669724770642202 0.07981651376146794 0.10458715596330279
0 0.1599770642201835 0.8 0.09701834862385321 0.08073394495412842
