0 0.587192 0.072026 0.08339 0.125303
0 0.474653 0.8165280000000001 0.127356 0.257323
0 0.6297691192660545 0.9197982844036704 0.09171991743119234 0.09931543119266031
0 0.27141799999999994 0.108504 0.075753 0.119871
0 0.3453949999999996 0.19860120183486238 0.08384099999999994 0.14327459633027526
0 0.4881880733944953 0.06238532110091743 0.09839449541284402 0.12477064220183486
0 0.7706422018348624 0.27247706422018353 0.09908256880733944 0.1009174311926606
0 0.775802752293578 0.4912844036697248 0.09426605504587159 0.1477064220183487
0 0.6811926605504587 0.4729357798165138 0.10458715596330279 0.17155963302752292
0 0.781307339449541 0.7045871559633028 0.08188073394495418 0.10825688073394488
0 0.6385321100917433 0.7509174311926605 0.11697247706422027 0.15504587155963306
0 0.7572247706422018 0.8628440366972476 0.09977064220183479 0.11284403669724781
0 0.34678899082568804 0.8793577981651376 0.09770642201834862 0.09816513761467888
0 0.28107798165137615 0.8720183486238533 0.08463302752293575 0.10733944954128447
0 0.22052752293577982 0.6903669724770642 0.11215596330275229 0.11100917431192656
0 0.15791284403669725 0.7990825688073394 0.09977064220183486 0.08807339449541289
0 0.040940366972477056 0.39036697247706426 0.06811926605504587 0.06880733944954123
0 0.1482798165137615 0.29495412844036695 0.06674311926605507 0.08715596330275226
0 0.2077981651376149 0.2545871559633028 0.0894495412844038 0.13486238532110092
0 0.26112385321100917 0.2903669724770642 0.09426605504587154 0.14220183486238533
0 0.1706422018348624 0.15871559633027524 0.08119266055045869 0.10275229357798166
