0 0.7570279999999999 0.24020399999999997 0.09605999999999999 0.117266
0 0.7737385321100918 0.49220183486238533 0.11490825688073386 0.13302752293577982
0 0.7788990825688075 0.7091743119266054 0.09220183486238526 0.12844036697247702
0 0.7551605504587156 0.8541284403669723 0.0763761467889907 0.12660550458715605
0 0.6254587155963303 0.9513761467889909 0.08256880733944953 0.09724770642201848
0 0.536697247706422 0.8243119266055046 0.10045871559633018 0.2688073394495413
0 0.3519495412844037 0.8981651376146789 0.08050458715596327 0.09908256880733944
0 0.28004587155963306 0.8642201834862385 0.06605504587155966 0.10091743119266056
0 0.15550458715596333 0.8068807339449541 0.08944954128440367 0.09266055045871567
0 0.14311926605504577 0.30733944954128456 0.05642201834862383 0.09724770642201827
0 0.2026376146788992 0.2669724770642201 0.08050458715596318 0.11559633027522938
0 0.2673165137614679 0.2784403669724771 0.0873853211009174 0.12935779816513762
0 0.3777522935779817 0.20137614678899085 0.13486238532110092 0.15504587155963306
0 0.48543577981651376 0.08119266055045872 0.1107798165137615 0.16238532110091744
0 0.27006880733944955 0.10504587155963303 0.0928899082568807 0.13302752293577982
0 0.17649082568807337 0.16422018348623854 0.09564220183486238 0.09174311926605505
