0 0.29860120183486233 0.1518073027522935 0.09715638532110091 0.08764401834862369
0 0.351605504587156 0.21972477064220186 0.0963302752293578 0.10733944954128444
0 0.26112385321100917 0.27155963302752295 0.09288990825688075 0.13944954128440365
0 0.15275229357798145 0.3183486238532111 0.07706422018348613 0.1211009174311925
0 0.17442660550458716 0.1688073394495413 0.11766055045871558 0.10458715596330276
0 0.07224770642201828 0.281651376146789 0.09633027522935772 0.08073394495412846
0 0.05126146788990825 0.3431192660550459 0.07224770642201835 0.05871559633027523
0 0.04575688073394495 0.3853211009174312 0.08325688073394495 0.056880733944954125
0 0.11215596330275229 0.579816513761468 0.08807339449541285 0.13211009174311933
0 0.16444954128440364 0.7981651376146789 0.09220183486238528 0.09908256880733944
0 0.2728211009174312 0.8788990825688073 0.07362385321100916 0.12477064220183491
0 0.3443807339449541 0.8944954128440368 0.07499999999999997 0.10825688073394503
0 0.6223623853211009 0.9490825688073394 0.08463302752293572 0.10183486238532112
0 0.7544724770642202 0.8701834862385321 0.07912844036697236 0.10366972477064224
0 0.7988532110091743 0.6536697247706422 0.07706422018348619 0.09816513761467888
0 0.6481651376146789 0.7587155963302752 0.10733944954128447 0.1412844036697247
0 0.7720183486238532 0.5027522935779817 0.11422018348623851 0.12477064220183486
0 0.488876146788991 0.07477064220183487 0.09426605504587143 0.14954128440366973
