0 0.310713 0.100692 0.124474 0.168128
0 0.5985459999999999 0.07955 0.084283 0.131875
0 0.475465 0.06605 0.09496299999999999 0.1321
0 0.3427411651376147 0.2125219266055046 0.08402202752293586 0.11006004587155963
0 0.7723610000000001 0.283949 0.102099 0.106016
0 0.2652522935779817 0.11926605504587155 0.07087155963302752 0.11926605504587155
0 0.2676605504587156 0.273394495412844 0.09082568807339453 0.11743119266055042
0 0.775802752293578 0.48807339449541287 0.08876146788990823 0.12477064220183486
0 0.6763761467889906 0.48899082568807345 0.11146788990825679 0.1541284403669726
0 0.7823394495412841 0.7133027522935778 0.08256880733945007 0.13669724770642205
0 0.7589449541284403 0.8587155963302753 0.08669724770642213 0.12844036697247638
0 0.6330275229357798 0.9188073394495413 0.08394495412844037 0.10183486238532112
0 0.6347477064220184 0.7564220183486237 0.12591743119266055 0.17155963302752283
0 0.355045871559633 0.8903669724770643 0.08807339449541285 0.08899082568807344
0 0.2652522935779816 0.8486238532110093 0.08876146788990825 0.08807339449541289
0 0.155848623853211 0.8073394495412844 0.0763761467889908 0.08073394495412842
0 0.21020642201834863 0.7100917431192661 0.09426605504587156 0.07706422018348633
0 0.11215596330275229 0.5669724770642202 0.05366972477064222 0.12477064220183486
0 0.14827981651376146 0.2963302752293578 0.07775229357798166 0.06972477064220182
0 0.04575688073394495 0.37247706422018356 0.0805045871559633 0.07339449541284403
0 0.17442660550458716 0.16972477064220182 0.09977064220183486 0.11009174311926605
