0 0.755948 0.238251 0.096679 0.115142
0 0.389865 0.19084 0.120741 0.162383
0 0.7751650275229356 0.7038246330275225 0.09802582568807301 0.11797447706422086
0 0.7733944954128441 0.48623853211009177 0.10871559633027517 0.144954128440367
0 0.6202981651376147 0.9490825688073394 0.08876146788990823 0.10183486238532112
0 0.7469036697247705 0.8577981651376142 0.09288990825688087 0.13761467889908216
0 0.5772935779816514 0.6160550458715597 0.12110091743119263 0.21009174311926607
0 0.34747706422018354 0.8922018348623852 0.0798165137614679 0.09266055045871553
0 0.27694954128440363 0.8591743119266054 0.07775229357798163 0.10550458715596335
0 0.15997706422018348 0.8041284403669725 0.0763761467889908 0.0889908256880733
0 0.046444954128440366 0.3733944954128441 0.08876146788990825 0.07706422018348626
0 0.14621559633027523 0.3055045871559633 0.058486238532110095 0.08807339449541285
0 0.20091743119266056 0.27155963302752295 0.07431192660550458 0.10825688073394496
0 0.2676605504587156 0.2802752293577982 0.09495412844036696 0.12752293577981655
0 0.27488532110091746 0.11559633027522936 0.09013761467889911 0.14311926605504588
0 0.17201834862385323 0.1628440366972477 0.11422018348623857 0.09816513761467888
0 0.4871559633027517 0.06743119266055042 0.10045871559633024 0.13486238532110084
