0 0.264135 0.127223 0.078607 0.140004
0 0.585847 0.07605099999999998 0.085087 0.12058399999999998
0 0.2664203119266053 0.24355299999999985 0.0856513577981654 0.1516269999999999
0 0.33990825688073395 0.22706422018348627 0.08394495412844037 0.1348623853211009
0 0.19506880733944953 0.26055045871559634 0.06399082568807338 0.10458715596330276
0 0.15137614678899083 0.29449541284403674 0.07155963302752293 0.06055045871559631
0 0.17270642201834863 0.15366972477064222 0.08394495412844039 0.10550458715596331
0 0.05057339449541285 0.353211009174312 0.06674311926605504 0.06605504587155969
0 0.03543577981651376 0.38440366972477064 0.057110091743119255 0.06605504587155962
0 0.0536697247706422 0.4720183486238533 0.05642201834862381 0.061467889908256905
0 0.10905963302752292 0.5844036697247705 0.05711009174311926 0.12110091743119268
0 0.15447247706422018 0.8068807339449541 0.08738532110091744 0.09266055045871567
0 0.26490825688073394 0.8449541284403671 0.0784403669724771 0.0788990825688073
0 0.3547018348623854 0.8912844036697248 0.09013761467889911 0.09816513761467903
0 0.6491972477064221 0.7532110091743119 0.10802752293577982 0.17431192660550465
0 0.7802752293577981 0.7032110091743118 0.08807339449541289 0.11284403669724767
0 0.7751146788990826 0.48302752293577994 0.09564220183486243 0.12018348623853209
0 0.6849770642201836 0.4788990825688073 0.08876146788990823 0.15412844036697243
0 0.7702981651376147 0.276605504587156 0.09288990825688075 0.08899082568807341
0 0.7537844036697257 0.8550458715596332 0.08738532110091737 0.1266055045871565
0 0.6306192660550459 0.9201834862385322 0.0860091743119267 0.10825688073394503
0 0.4833715596330276 0.07477064220183488 0.08325688073394488 0.14954128440366976
