0 0.268981 0.11831700000000002 0.077768 0.140341
0 0.349197247706422 0.20871559633027523 0.08738532110091747 0.1513761467889908
0 0.48750000000000004 0.06743119266055046 0.09839449541284384 0.12752293577981652
0 0.5941513761467889 0.081651376146789 0.10802752293577975 0.12477064220183486
0 0.7702981651376146 0.273394495412844 0.08463302752293572 0.08440366972477062
0 0.7754587155963302 0.4876146788990826 0.09495412844036694 0.12568807339449542
0 0.6777522935779817 0.4811926605504587 0.10596330275229363 0.1642201834862385
0 0.777178899082569 0.7123853211009173 0.0915137614678899 0.1293577981651376
0 0.639908256880734 0.7522935779816514 0.12110091743119263 0.15229357798165125
0 0.6333715596330276 0.9490825688073394 0.11215596330275232 0.10183486238532112
0 0.7565366972477066 0.8720183486238533 0.08325688073394488 0.10550458715596335
0 0.4864678899082569 0.8463302752293578 0.10045871559633028 0.2596330275229357
0 0.34506880733944956 0.8770642201834862 0.08600917431192652 0.11192660550458726
0 0.2625 0.8344036697247705 0.08050458715596331 0.08715596330275233
0 0.15550458715596333 0.8073394495412843 0.07293577981651377 0.0825688073394494
0 0.14862385321100915 0.30229357798165135 0.057798165137614654 0.12018348623853208
0 0.20538990825688078 0.25045871559633026 0.08600917431192664 0.13027522935779817
0 0.26697247706422017 0.2692660550458716 0.08256880733944953 0.11284403669724771
0 0.17752293577981654 0.15366972477064222 0.10321100917431196 0.1
