0 0.34294200000000025 0.20244349541284407 0.08697800000000006 0.14430000917431202
0 0.27694954128440363 0.11467889908256883 0.08738532110091743 0.14862385321100918
0 0.2714449541284404 0.27522935779816515 0.08876146788990827 0.11192660550458712
0 0.20711009174311917 0.24954128440366968 0.09220183486238528 0.13761467889908266
0 0.15137614678899083 0.2977064220183486 0.06192660550458719 0.09633027522935776
0 0.17339449541284402 0.16743119266055045 0.09220183486238528 0.1
0 0.4912844036697248 0.06788990825688072 0.09220183486238524 0.13577981651376148
0 0.5927752293577983 0.07385321100917432 0.09288990825688073 0.12935779816513762
0 0.7733944954128438 0.27247706422018353 0.11422018348623897 0.09724770642201831
0 0.7744266055045873 0.4876146788990826 0.09426605504587159 0.12385321100917432
0 0.6777522935779818 0.4752293577981652 0.10871559633027532 0.16146788990825683
0 0.7788990825688074 0.7041284403669724 0.09220183486238524 0.12752293577981647
0 0.7579128440366969 0.8697247706422021 0.07637614678899166 0.08807339449541221
0 0.6333715596330276 0.946788990825688 0.09977064220183493 0.10642201834862391
0 0.6368119266055046 0.7541284403669725 0.12729357798165133 0.15963302752293587
0 0.490940366972477 0.8467889908256881 0.10665137614678905 0.26972477064220174
0 0.34782110091743124 0.8766055045871559 0.08050458715596324 0.08165137614678898
0 0.2662844036697248 0.8467889908256881 0.09220183486238528 0.08623853211009176
0 0.16204128440366972 0.8041284403669724 0.08600917431192659 0.09816513761467888
