0 0.759517 0.23689700000000002 0.09203100000000002 0.121191
0 0.7537087889908247 0.8530709174311933 0.09603289908256851 0.13101865137614735
0 0.7785550458715597 0.7027522935779816 0.09701834862385311 0.11192660550458712
0 0.7713302752293578 0.4903669724770641 0.110091743119266 0.13302752293577974
0 0.6240825688073395 0.9477064220183488 0.08807339449541289 0.10458715596330265
0 0.3543577981651376 0.9022935779816512 0.08394495412844041 0.1256880733944955
0 0.2797018348623853 0.8688073394495412 0.08463302752293572 0.11376146788990837
0 0.16857798165137616 0.8036697247706422 0.09908256880733948 0.10091743119266042
0 0.14415137614678894 0.30366972477064214 0.061238532110091705 0.08073394495412846
0 0.19954128440366975 0.25917431192660556 0.0688073394495413 0.10550458715596331
0 0.2693807339449542 0.27522935779816515 0.08050458715596331 0.13394495412844037
0 0.3787844036697248 0.20458715596330276 0.14931192660550457 0.12110091743119264
0 0.4857798165137615 0.07201834862385322 0.09633027522935783 0.14403669724770643
0 0.2728211009174312 0.1036697247706422 0.08463302752293579 0.12110091743119267
0 0.17477064220183486 0.16422018348623854 0.11146788990825687 0.09541284403669727
0 0.04713302752293578 0.37293577981651377 0.0915137614678899 0.08715596330275233
