0 0.599879 0.078554 0.083572 0.124258
0 0.36621500000000007 0.072355 0.077252 0.14471
0 0.4909403669724771 0.06926605504587156 0.0915137614678899 0.13853211009174313
0 0.7754587155963304 0.27293577981651373 0.09770642201834862 0.1036697247706422
0 0.7788990825688075 0.4811926605504587 0.10045871559633028 0.11834862385321095
0 0.687729357798165 0.5123853211009174 0.12041284403669722 0.1348623853211008
0 0.7768348623853211 0.7073394495412844 0.0935779816513761 0.13211009174311925
0 0.6454128440366973 0.7532110091743119 0.10183486238532119 0.15412844036697237
0 0.6333715596330275 0.9211009174311926 0.07775229357798161 0.09724770642201847
0 0.7555045871559634 0.858256880733945 0.08944954128440367 0.12385321100917429
0 0.35401376146788993 0.8811926605504588 0.08738532110091747 0.09633027522935776
0 0.2652522935779817 0.8412844036697248 0.08325688073394492 0.09174311926605512
0 0.15378440366972476 0.8068807339449541 0.08188073394495411 0.08165137614678898
0 0.11422018348623852 0.5706422018348625 0.07155963302752294 0.11926605504587151
0 0.21055045871559636 0.7114678899082568 0.09357798165137615 0.07431192660550465
0 0.05779816513761468 0.4779816513761468 0.0481651376146789 0.06055045871559628
0 0.15034403669724772 0.30137614678899083 0.08050458715596331 0.07431192660550455
0 0.2659403669724771 0.2779816513761468 0.07637614678899084 0.12110091743119263
0 0.34506880733944956 0.21697247706422018 0.08876146788990823 0.10917431192660551
0 0.2721330275229358 0.12522935779816513 0.08600917431192659 0.1311926605504587
0 0.17270642201834863 0.16238532110091747 0.08669724770642205 0.08807339449541285
0 0.054701834862385314 0.3133027522935779 0.07224770642201833 0.05229357798165142
0 0.04954128440366972 0.36926605504587157 0.06467889908256881 0.04862385321100916
