0 0.36851200000000006 0.164585 0.128564 0.140221
0 0.589798 0.07213 0.078552 0.121896
0 0.4912844036697248 0.07064220183486239 0.10045871559633036 0.14128440366972478
0 0.7661697247706423 0.2784403669724771 0.08325688073394502 0.1110091743119266
0 0.7788990825688075 0.47798165137614673 0.10321100917431196 0.14128440366972478
0 0.6767201834862385 0.5096330275229358 0.11215596330275232 0.13486238532110087
0 0.643348623853211 0.7467889908256881 0.1238532110091743 0.17064220183486242
0 0.7854357798165137 0.7018348623853211 0.08463302752293586 0.12477064220183486
0 0.755848623853211 0.8743119266055046 0.0860091743119267 0.10275229357798167
0 0.6295871559633028 0.9206422018348625 0.10871559633027524 0.1
0 0.48577981651376156 0.820183486238532 0.12522935779816521 0.2495412844036697
0 0.35022935779816516 0.8816513761467888 0.08807339449541285 0.08440366972477065
0 0.27522935779816515 0.8623853211009176 0.0798165137614679 0.11009174311926614
0 0.1603211009174312 0.8068807339449541 0.09495412844036696 0.08715596330275233
0 0.11903669724770644 0.2146788990825688 0.08119266055045873 0.09541284403669724
0 0.14174311926605504 0.3027522935779816 0.06330275229357797 0.07889908256880734
0 0.2040137614678899 0.24082568807339405 0.08876146788990842 0.13853211009174313
0 0.2600917431192661 0.286697247706422 0.09770642201834864 0.14954128440366976
0 0.175802752293578 0.15504587155963304 0.08876146788990828 0.08990825688073394
