0 0.599608 0.07835 0.086296 0.130537
0 0.7699541284403676 0.26926605504587164 0.10183486238532131 0.08899082568807326
0 0.7737385321100916 0.4926605504587156 0.0915137614678899 0.14678899082568805
0 0.6756880733944954 0.4779816513761468 0.10183486238532119 0.15229357798165138
0 0.7809633027522935 0.7041284403669725 0.09082568807339456 0.134862385321101
0 0.6371559633027521 0.7559633027522935 0.11422018348623858 0.1633027522935781
0 0.7544724770642195 0.857339449541284 0.07912844036697225 0.12018348623853123
0 0.628211009174312 0.9233944954128442 0.0908256880733945 0.10366972477064242
0 0.35091743119266056 0.884862385321101 0.08669724770642201 0.1
0 0.26766055045871556 0.8426605504587157 0.08669724770642205 0.07064220183486242
0 0.15894495412844037 0.8041284403669724 0.07568807339449542 0.08532110091743121
0 0.2131995412844037 0.6861467889908254 0.11236238532110081 0.13577981651376128
0 0.11697247706422019 0.5655963302752298 0.07431192660550454 0.13486238532110112
0 0.054471492948186456 0.4704121618733549 0.04422215171830587 0.05843900264579356
0 0.27075688073394516 0.28330275229357815 0.08449541284403661 0.13082568807339448
0 0.1536467889908257 0.2992201834862386 0.06963302752293582 0.07770642201834864
0 0.3383256880733946 0.21949541284403676 0.09688073394495418 0.10192660550458718
0 0.40985091743119256 0.0877981651376147 0.1142889908256881 0.0867889908256881
0 0.4919724770642201 0.06963302752293574 0.08628440366972487 0.13926605504587147
0 0.2698279816513762 0.12614678899082574 0.08855504587155963 0.11706422018348628
0 0.1952752293577982 0.17004587155963308 0.09688073394495415 0.12211009174311928
0 0.06168577981651376 0.3204128440366973 0.07341743119266055 0.08981651376146797
