0 0.587329 0.073369 0.086194 0.124246
0 0.379621 0.182047 0.128953 0.184785
0 0.2625 0.28073394495412846 0.10252293577981648 0.15045871559633028
0 0.19506880733944953 0.25733944954128424 0.07362385321100925 0.12752293577981633
0 0.14621559633027523 0.2926605504587156 0.06949541284403671 0.08256880733944953
0 0.17201834862385323 0.1610091743119266 0.09770642201834864 0.1055045871559633
0 0.056077981651376146 0.4688073394495413 0.051605504587155966 0.06605504587155955
0 0.15309633027522931 0.804128440366973 0.09013761467889919 0.09633027522935732
0 0.27419724770642206 0.8665137614678899 0.07775229357798168 0.10366972477064224
0 0.3464449541284404 0.8788990825688074 0.09426605504587159 0.09357798165137624
0 0.5772935779816514 0.7422018348623854 0.1279816513761468 0.2495412844036697
0 0.7775229357798165 0.7077981651376146 0.11422018348623852 0.14220183486238533
0 0.7520642201834863 0.8733944954128441 0.07981651376146787 0.09541284403669721
0 0.6330275229357795 0.9215596330275233 0.10045871559633027 0.10366972477064261
0 0.6739678899082568 0.48669724770642203 0.09288990825688087 0.17522935779816515
0 0.7672018348623854 0.48394495412844035 0.11146788990825683 0.14954128440366965
0 0.7654816513761469 0.2738532110091743 0.09839449541284412 0.11467889908256883
0 0.4899082568807339 0.07889908256880736 0.10183486238532112 0.1577981651376147
