0 0.586851 0.071722 0.085056 0.126146
0 0.37226700000000007 0.184427 0.1232 0.180521
0 0.4947247706422019 0.06467889908256881 0.08944954128440372 0.12935779816513762
0 0.7713302752293578 0.28073394495412846 0.09770642201834848 0.09724770642201833
0 0.7768348623853211 0.49036697247706423 0.11284403669724781 0.1477064220183486
0 0.6791284403669725 0.47889908256880737 0.10733944954128447 0.18715596330275233
0 0.782683486238532 0.703211009174312 0.08876146788990823 0.13119266055045878
0 0.639908256880734 0.7522935779816514 0.1293577981651376 0.15229357798165125
0 0.6357798165137615 0.9155963302752295 0.08944954128440372 0.11192660550458712
0 0.7568807339449541 0.8692660550458716 0.08669724770642205 0.09266055045871553
0 0.5270642201834858 0.8862385321100915 0.11284403669724766 0.22752293577981594
0 0.35538990825688077 0.8793577981651376 0.08876146788990823 0.10917431192660544
0 0.2693807339449542 0.8692660550458714 0.08050458715596331 0.11467889908256879
0 0.15860091743119267 0.8041284403669724 0.0915137614678899 0.08165137614678898
0 0.059174311926605515 0.47064220183486244 0.04954128440366973 0.06055045871559628
0 0.14139908256880734 0.29908256880733947 0.06261467889908257 0.07155963302752298
0 0.19506880733944956 0.2518348623853211 0.06949541284403672 0.1348623853211009
0 0.2604357798165137 0.2834862385321101 0.10389908256880734 0.15229357798165136
0 0.1709862385321101 0.15642201834862388 0.08600917431192663 0.0926605504587156
