0 0.344997 0.181034 0.109979 0.180964
0 0.24562800000000004 0.09439699999999998 0.09138200000000002 0.14896
0 0.590941 0.074767 0.075944 0.120454
0 0.17821100917431193 0.17293577981651378 0.09357798165137615 0.11100917431192663
0 0.20607798165137617 0.24908256880733945 0.07775229357798168 0.1275229357798165
0 0.2607798165137615 0.2871559633027523 0.10321100917431192 0.15045871559633026
0 0.15619266055045872 0.2958715596330275 0.07706422018348622 0.07614678899082569
0 0.21055045871559636 0.713302752293578 0.09908256880733948 0.07064220183486242
0 0.1479357798165138 0.802293577981651 0.08119266055045876 0.09999999999999985
0 0.27798165137614683 0.8637614678899084 0.0798165137614679 0.11100917431192656
0 0.34506880733944967 0.8747706422018348 0.08050458715596337 0.08165137614678936
0 0.5047018348623853 0.8642201834862385 0.10252293577981647 0.26972477064220185
0 0.6436926605504587 0.7527522935779817 0.13004587155963307 0.15137614678899083
0 0.7833715596330276 0.7036697247706423 0.10527522935779828 0.10458715596330279
0 0.7596330275229357 0.8646788990825688 0.08256880733944953 0.10917431192660558
0 0.6302752293577982 0.9224770642201835 0.09770642201834862 0.11100917431192656
0 0.6736238532110091 0.5077981651376147 0.1073394495412844 0.11834862385321103
0 0.7706422018348624 0.49449541284403664 0.10458715596330277 0.13944954128440365
0 0.7730504587155964 0.26330275229357797 0.0873853211009174 0.11009174311926603
0 0.48784403669724774 0.06834862385321101 0.08807339449541289 0.13669724770642203
