0 0.595923 0.07891 0.08021799999999998 0.130758
0 0.49300458715596335 0.055504587155963306 0.09426605504587152 0.11100917431192661
0 0.34438073394495416 0.22201834862385325 0.08600917431192663 0.11376146788990826
0 0.2635321100917431 0.2793577981651376 0.08394495412844041 0.1293577981651376
0 0.26972477064220185 0.12293577981651377 0.08807339449541285 0.11926605504587155
0 0.20504587155963303 0.1573394495412844 0.10183486238532112 0.13119266055045872
0 0.15275229357798165 0.2926605504587156 0.0798165137614679 0.07522935779816517
0 0.057454128440366986 0.47522935779816544 0.05848623853211014 0.06422018348623815
0 0.11490825688073394 0.5697247706422018 0.06605504587155962 0.11192660550458712
0 0.21467889908256882 0.7123853211009173 0.10733944954128445 0.0834862385321101
0 0.1568807339449542 0.8087155963302751 0.0798165137614679 0.0926605504587153
0 0.2662844036697248 0.8435779816513761 0.07018348623853214 0.079816513761468
0 0.3529816513761468 0.8844036697247708 0.08807339449541285 0.08807339449541289
0 0.6481651376146789 0.758256880733945 0.09633027522935791 0.15321100917431196
0 0.7775229357798165 0.713302752293578 0.08807339449541289 0.14220183486238525
0 0.7520642201834866 0.8605504587155963 0.08119266055045929 0.12477064220183479
0 0.6326834862385321 0.9165137614678899 0.08463302752293572 0.10642201834862391
0 0.029587155963302747 0.38165137614678896 0.0591743119266055 0.06605504587155962
0 0.677408256880734 0.4857798165137615 0.10252293577981647 0.17706422018348625
0 0.7727064220183486 0.48715596330275224 0.09908256880733937 0.1376146788990827
0 0.7730504587155965 0.2784403669724771 0.10252293577981662 0.1
