0 0.38316 0.18779899999999997 0.10251400000000001 0.169014
0 0.48681192660550465 0.08119266055045872 0.09426605504587153 0.16238532110091744
0 0.7550671300559066 0.11373758306852798 0.0847035303105691 0.22747516613705593
0 0.7751146788990827 0.24908256880733945 0.11353211009174355 0.12201834862385325
0 0.7720183486238532 0.47935779816513757 0.10596330275229349 0.15504587155963293
0 0.7809633027522935 0.6990825688073394 0.0977064220183486 0.10642201834862376
0 0.6264908256880733 0.9403669724770642 0.09013761467889907 0.11926605504587158
0 0.759288990825688 0.8591743119266055 0.10802752293577982 0.15137614678899083
0 0.35401376146788993 0.8977064220183487 0.0928899082568807 0.09816513761467903
0 0.27075688073394494 0.868348623853211 0.08050458715596327 0.10733944954128447
0 0.2700688073394496 0.276605504587156 0.09013761467889911 0.13486238532110092
0 0.2724770642201835 0.11788990825688074 0.09357798165137617 0.1165137614678899
0 0.175802752293578 0.16743119266055045 0.08325688073394495 0.09633027522935782
0 0.2022935779816514 0.25688073394495414 0.05504587155963304 0.10825688073394492
0 0.14621559633027523 0.29678899082568805 0.05986238532110093 0.08348623853211005
0 0.1647935779816514 0.8036697247706422 0.09564220183486243 0.09724770642201847
