0 0.38846800000000004 0.186878 0.114841 0.16970600000000002
0 0.487818 0.11585700000000002 0.073681 0.227467
0 0.585928 0.078649 0.085636 0.14099
0 0.7685779816513761 0.2821100917431193 0.09633027522935791 0.11467889908256886
0 0.7699541284403669 0.47798165137614673 0.09908256880733936 0.15596330275229367
0 0.6760321100917434 0.4844036697247703 0.10940366972477054 0.19266055045871544
0 0.7826834862385322 0.7123853211009173 0.10527522935779828 0.13302752293577969
0 0.6378440366972478 0.7403669724770643 0.13211009174311933 0.1633027522935781
0 0.751376146788991 0.8697247706422018 0.08807339449541289 0.10825688073394503
0 0.6313073394495413 0.924770642201835 0.0928899082568808 0.11009174311926612
0 0.3392201834862385 0.8733944954128441 0.09220183486238533 0.08807339449541274
0 0.2786697247706422 0.8642201834862385 0.08256880733944957 0.09724770642201833
0 0.15584862385321102 0.8091743119266056 0.09151376146788989 0.08807339449541289
0 0.05504587155963304 0.47568807339449537 0.05779816513761468 0.07247706422018346
0 0.037155963302752296 0.389908256880734 0.06880733944954129 0.07339449541284403
0 0.14071100917431192 0.3004587155963303 0.06811926605504587 0.07431192660550465
0 0.1926605504587155 0.2614678899082568 0.0715596330275229 0.11009174311926588
0 0.26181192660550456 0.29449541284403674 0.10940366972477061 0.17431192660550454
0 0.22740825688073396 0.12339449541284406 0.1231651376146789 0.11834862385321103
0 0.15963302752293573 0.15779816513761463 0.06467889908256891 0.07155963302752293
