0 0.5315366972477065 0.8628440366972476 0.11215596330275232 0.27431192660550463
0 0.6344036697247707 0.9495412844036697 0.09908256880733944 0.10091743119266056
0 0.634059633027523 0.7293577981651376 0.1672018348623854 0.13211009174311925
0 0.6399082568807339 0.5637614678899082 0.13899082568807344 0.16238532110091738
0 0.7730504587155963 0.4834862385321101 0.10802752293577968 0.13577981651376148
0 0.7730504587155964 0.26146788990825687 0.0873853211009174 0.10642201834862383
0 0.7740825688073394 0.7041284403669724 0.09908256880733944 0.10733944954128433
0 0.7565366972477066 0.8660550458715597 0.08738532110091754 0.10642201834862391
0 0.4802752293577982 0.06422018348623854 0.10183486238532112 0.12844036697247707
0 0.3516055045871559 0.19403669724770645 0.094954128440367 0.12018348623853212
0 0.2731651376146789 0.11146788990825687 0.094954128440367 0.1256880733944954
0 0.26249999999999996 0.27981651376146793 0.09564220183486243 0.11376146788990821
0 0.19885321100917433 0.2811926605504587 0.06743119266055045 0.11467889908256881
0 0.17339449541284402 0.15412844036697249 0.11422018348623855 0.11376146788990826
0 0.14552752293577984 0.29908256880733947 0.06261467889908257 0.10642201834862387
0 0.15619266055045872 0.8096330275229358 0.08807339449541285 0.10917431192660558
0 0.27075688073394494 0.8610091743119267 0.07224770642201833 0.12018348623853214
0 0.3423165137614679 0.8779816513761467 0.07087155963302756 0.08990825688073385
