0 0.225774 0.143021 0.101103 0.148701
0 0.34849857798165135 0.20177549541284406 0.07402700000000005 0.1382968348623855
0 0.248817 0.092175 0.0349 0.076706
0 0.3027522935779816 0.13715596330275226 0.08807339449541302 0.1256880733944955
0 0.25940366972477064 0.2922018348623853 0.10458715596330276 0.15688073394495416
0 0.14449541284403658 0.28532110091743124 0.064678899082569 0.07706422018348613
0 0.17133027522935781 0.1688073394495413 0.09220183486238531 0.09908256880733944
0 0.04885321100917432 0.3596330275229358 0.07568807339449542 0.04954128440366972
0 0.04197247706422018 0.3922018348623854 0.08394495412844036 0.054128440366972376
0 0.1599770642201835 0.8036697247706422 0.09839449541284408 0.10825688073394488
0 0.2728211009174312 0.8683486238532109 0.07224770642201833 0.11467889908256879
0 0.3423165137614679 0.9114678899082572 0.06811926605504584 0.12385321100917507
0 0.4830275229357799 0.8165137614678898 0.1307339449541284 0.26422018348623866
0 0.6519495412844037 0.7513761467889908 0.10114678899082563 0.1688073394495413
0 0.7224770642201835 0.6889908256880735 0.13623853211009176 0.14862385321100924
0 0.7974770642201835 0.6486238532110091 0.070183486238532 0.08623853211009162
0 0.7537844036697249 0.8545871559633028 0.10665137614678898 0.1568807339449542
0 0.6244266055045872 0.9472477064220183 0.07637614678899084 0.10550458715596335
0 0.7682339449541286 0.48761467889908244 0.10665137614678878 0.13486238532110098
0 0.4881880733944955 0.0669724770642202 0.09013761467889911 0.1339449541284404
