0 0.7892201834862385 0.668348623853211 0.08807339449541289 0.11651376146788998
0 0.7551605504587157 0.8775229357798167 0.08188073394495404 0.10183486238532112
0 0.6261467889908257 0.9509174311926606 0.07706422018348619 0.09816513761467888
0 0.6454128440366972 0.7577981651376148 0.1087155963302753 0.16513761467889906
0 0.7761467889908258 0.49220183486238533 0.10871559633027517 0.15321100917431196
0 0.4943807339449542 0.06834862385321101 0.10527522935779814 0.13669724770642203
0 0.34782110091743124 0.21422018348623856 0.08188073394495411 0.12935779816513762
0 0.29243119266055045 0.15550458715596327 0.08944954128440372 0.08348623853211003
0 0.2614678899082568 0.2756880733944954 0.08532110091743117 0.14036697247706417
0 0.1603211009174312 0.2876146788990826 0.08532110091743117 0.08532110091743121
0 0.0701834862385321 0.2894495412844037 0.08944954128440367 0.09633027522935783
0 0.16513761467889906 0.1724770642201835 0.08944954128440369 0.09174311926605505
0 0.11112385321100927 0.5802752293577977 0.1011467889908258 0.149541284403669
0 0.17133027522935781 0.803211009174312 0.09082568807339449 0.11284403669724781
0 0.2755733944954129 0.8665137614678897 0.07224770642201836 0.11467889908256879
0 0.3467889908256881 0.8894495412844037 0.07431192660550455 0.11284403669724767
