0 0.599323 0.078641 0.08862200000000002 0.134258
0 0.4885321100917432 0.05825688073394495 0.10183486238532119 0.1165137614678899
0 0.41112385321100914 0.08761467889908257 0.12041284403669728 0.0944954128440367
0 0.2714449541284404 0.11422018348623855 0.09426605504587161 0.11100917431192663
0 0.21158256880733944 0.1628440366972477 0.09564220183486238 0.13669724770642203
0 0.1479357798165138 0.15825688073394495 0.056422018348623856 0.0779816513761468
0 0.15137614678899083 0.28715596330275234 0.07981651376146788 0.09541284403669724
0 0.26800458715596326 0.2811926605504587 0.07087155963302752 0.15871559633027524
0 0.3419724770642201 0.22293577981651377 0.0977064220183485 0.1082568807339449
0 0.06123853211009175 0.33990825688073395 0.07018348623853211 0.10550458715596331
0 0.056077981651376146 0.4743119266055046 0.06261467889908257 0.06238532110091739
0 0.11938073394495412 0.5752293577981651 0.07224770642201835 0.11559633027522942
0 0.21777522935779817 0.6807339449541285 0.12041284403669722 0.12844036697247715
0 0.15412844036697249 0.8055045871559634 0.07568807339449542 0.09174311926605498
0 0.2655963302752294 0.8454128440366973 0.07431192660550458 0.07798165137614689
0 0.3495412844036695 0.8862385321100922 0.07844036697247699 0.1009174311926613
0 0.6423165137614678 0.7509174311926607 0.1300458715596329 0.1532110091743121
0 0.7788990825688075 0.7077981651376146 0.08807339449541289 0.12935779816513773
0 0.7723623853211009 0.49266055045871565 0.09013761467889907 0.144954128440367
0 0.6763761467889908 0.48623853211009144 0.1114678899082572 0.15045871559633028
0 0.7706422018348627 0.27522935779816515 0.09495412844036694 0.09724770642201822
0 0.7548165137614667 0.8582568807339449 0.08944954128440347 0.1330275229357795
0 0.6319954128440367 0.9211009174311927 0.08738532110091754 0.10642201834862391
