0 0.7795871559633027 0.7045871559633028 0.09908256880733944 0.10825688073394488
0 0.7702981651376146 0.4885321100917432 0.12178899082568805 0.12568807339449542
0 0.7706422018348624 0.2821100917431193 0.09082568807339442 0.09633027522935783
0 0.7572247706422017 0.855045871559633 0.09013761467889898 0.12477064220183486
0 0.6330275229357798 0.9486238532110092 0.10458715596330279 0.10275229357798167
0 0.48268348623853213 0.07064220183486239 0.09013761467889914 0.14128440366972478
0 0.3454128440366972 0.21055045871559636 0.09220183486238533 0.12568807339449542
0 0.27488532110091746 0.11192660550458715 0.08325688073394495 0.11743119266055047
0 0.26456422018348624 0.2784403669724771 0.09564220183486238 0.11284403669724771
0 0.19128440366972477 0.27935779816513767 0.05917431192660555 0.1110091743119266
0 0.1444954128440367 0.2899082568807339 0.06055045871559631 0.10091743119266053
0 0.17924311926605505 0.16192660550458715 0.0915137614678899 0.10183486238532109
0 0.04610091743119266 0.31100917431192665 0.08394495412844037 0.05504587155963304
0 0.16341743119266056 0.7986238532110093 0.09701834862385321 0.0834862385321101
0 0.2697247706422018 0.8536697247706422 0.08532110091743117 0.09266055045871553
0 0.3471330275229358 0.8766055045871559 0.07775229357798168 0.09266055045871567
