0 0.3295139999999999 0.2002533394495413 0.11270199999999991 0.1486483211009174
0 0.591642 0.06846 0.076665 0.126447
0 0.4916284403669725 0.06559633027522936 0.09977064220183486 0.13119266055045872
0 0.2772935779816514 0.11513761467889908 0.09495412844036696 0.11834862385321099
0 0.26422018348623855 0.281651376146789 0.08807339449541281 0.13761467889908258
0 0.19610091743119265 0.25137614678899084 0.08532110091743121 0.12293577981651374
0 0.17545871559633028 0.16146788990825692 0.10045871559633028 0.09724770642201835
0 0.15550458715596333 0.2839449541284404 0.08394495412844039 0.09449541284403665
0 0.1709862385321101 0.8036697247706422 0.09839449541284406 0.11009174311926614
0 0.26972477064220185 0.8683486238532112 0.07981651376146794 0.09816513761467888
0 0.343348623853211 0.8747706422018348 0.07431192660550458 0.08165137614678898
0 0.5057339449541284 0.8261467889908256 0.08944954128440365 0.27431192660550463
0 0.640940366972477 0.7536697247706422 0.1162844036697247 0.15504587155963293
0 0.7747706422018349 0.7018348623853211 0.09082568807339442 0.10825688073394503
0 0.7537844036697249 0.8669724770642202 0.08738532110091754 0.10275229357798167
0 0.6326834862385321 0.9192660550458716 0.09151376146788998 0.09724770642201833
0 0.6756880733944954 0.48394495412844035 0.1128440366972476 0.16055045871559634
0 0.7678899082568807 0.48440366972477067 0.10321100917431196 0.144954128440367
0 0.7713302752293578 0.27064220183486243 0.09357798165137624 0.11192660550458715
