0 0.6275229357798168 0.7279816513761458 0.17339449541284405 0.12752293577981635
0 0.6540137614678899 0.5495412844036693 0.11490825688073382 0.2477064220183481
0 0.7720183486238531 0.4880733944954128 0.10458715596330265 0.1302752293577982
0 0.7775229357798166 0.7087155963302751 0.09220183486238541 0.13119266055045883
0 0.7575688073394496 0.8587155963302752 0.08256880733944953 0.12293577981651381
0 0.6275229357798167 0.9490825688073394 0.10596330275229356 0.10183486238532112
0 0.7709862385321102 0.2729357798165138 0.08876146788990823 0.10000000000000003
0 0.4830275229357797 0.0706422018348624 0.09082568807339458 0.14128440366972478
0 0.33474770642201834 0.20045871559633027 0.1038990825688073 0.13853211009174315
0 0.23600917431192664 0.12660550458715597 0.1073394495412844 0.1559633027522936
0 0.2680045871559633 0.28165137614678903 0.08876146788990823 0.10642201834862383
0 0.19678899082568813 0.27660550458715594 0.06192660550458719 0.1073394495412844
0 0.14277522935779818 0.29357798165137616 0.06123853211009177 0.11376146788990824
0 0.16995412844036697 0.163302752293578 0.09908256880733944 0.10091743119266057
0 0.1548165137614679 0.8009174311926606 0.07844036697247705 0.10091743119266056
0 0.26697247706422017 0.8628440366972476 0.0688073394495413 0.0889908256880733
0 0.34472477064220186 0.8788990825688073 0.07431192660550455 0.08990825688073385
