0 0.556722 0.176694 0.093945 0.233326
0 0.6524160000000001 0.14091 0.16750300000000004 0.257753
0 0.3224290000000001 0.11292000000000002 0.086616 0.140309
0 0.363745 0.19729999999999998 0.075752 0.143693
0 0.6242770458715599 0.9482452522935776 0.07627445871559611 0.10350949541284332
0 0.258219 0.109574 0.051163 0.112988
0 0.7575688073394495 0.8646788990825688 0.09633027522935776 0.13302752293577982
0 0.7954128440366968 0.6729357798165136 0.06605504587155962 0.13669724770642197
0 0.642316513761468 0.7573394495412845 0.10527522935779828 0.1697247706422017
0 0.7706422018348625 0.4885321100917431 0.09770642201834862 0.14220183486238525
0 0.4885321100917432 0.05366972477064222 0.09908256880733951 0.10733944954128444
0 0.2573394495412844 0.28899082568807344 0.09220183486238533 0.15045871559633028
0 0.2222477064220184 0.2513761467889907 0.10458715596330262 0.13761467889908233
0 0.17924311926605505 0.16192660550458715 0.0915137614678899 0.10183486238532109
0 0.14002293577981653 0.2834862385321101 0.06399082568807335 0.09724770642201828
0 0.039220183486238534 0.3729357798165138 0.07018348623853211 0.07981651376146794
0 0.16238532110091744 0.8050458715596329 0.09770642201834864 0.11467889908256879
0 0.276605504587156 0.8701834862385321 0.07293577981651378 0.11834862385321088
0 0.3522935779816514 0.8926605504587155 0.08807339449541289 0.10642201834862391
