0 0.702118 0.13988200000000003 0.094853 0.18482900000000002
0 0.586323 0.071173 0.08357799999999999 0.125173
0 0.37176699999999996 0.182768 0.133896 0.181175
0 0.49025229357798156 0.07477064220183487 0.09426605504587153 0.14954128440366973
0 0.7654816513761469 0.2761467889908257 0.10114678899082577 0.1174311926605504
0 0.7747706422018351 0.4853211009174312 0.11146788990825698 0.14862385321100915
0 0.6743119266055047 0.4761467889908257 0.10321100917431188 0.17247706422018352
0 0.7799311926605504 0.7155963302752294 0.10802752293577982 0.13577981651376148
0 0.6395642201834862 0.751376146788991 0.12316513761467897 0.18165137614678897
0 0.6333715596330275 0.9275229357798165 0.08738532110091732 0.09908256880733958
0 0.7530963302752294 0.8733944954128441 0.07362385321100916 0.11743119266055047
0 0.35951834862385323 0.8894495412844037 0.09977064220183482 0.10917431192660544
0 0.27454128440366976 0.8711009174311927 0.07568807339449539 0.09633027522935776
0 0.15963302752293576 0.8036697247706421 0.09908256880733944 0.09357798165137612
0 0.2122706422018349 0.6986238532110091 0.10389908256880728 0.07798165137614686
0 0.06330275229357799 0.4770642201834862 0.06330275229357799 0.07155963302752291
0 0.14277522935779818 0.29128440366972475 0.06811926605504588 0.07064220183486242
0 0.18681192660550458 0.25779816513761467 0.0626146788990826 0.13761467889908258
0 0.26112385321100917 0.28623853211009176 0.1025229357798165 0.16146788990825686
0 0.17545871559633028 0.16834862385321103 0.09220183486238533 0.0981651376146789
0 0.05401376146788991 0.31972477064220184 0.075 0.06330275229357799
