0 0.34725659633027517 0.19770181651376148 0.06552187155963317 0.14037553211009177
0 0.6252175321100918 0.9484107522935774 0.06867601834862357 0.10317849541284284
0 0.30344036697247706 0.14587155963302753 0.08807339449541281 0.12660550458715597
0 0.28727064220183485 0.07247706422018349 0.10252293577981647 0.09908256880733946
0 0.49438073394495424 0.06467889908256881 0.08876146788990823 0.12935779816513762
0 0.2642201834862386 0.28807339449541286 0.10871559633027526 0.15596330275229356
0 0.14587155963302753 0.29862385321100915 0.06605504587155962 0.11284403669724767
0 0.1761467889908257 0.16146788990825692 0.10871559633027524 0.09908256880733946
0 0.04610091743119266 0.3610091743119266 0.0798165137614679 0.041284403669724766
0 0.04197247706422018 0.3926605504587155 0.08394495412844037 0.047706422018348675
0 0.7551605504587157 0.8637614678899083 0.07775229357798168 0.14036697247706428
0 0.7978211009174311 0.6463302752293578 0.07362385321100916 0.09449541284403679
0 0.6426605504587157 0.7633027522935779 0.10596330275229356 0.16146788990825697
0 0.7173165137614679 0.6839449541284404 0.1672018348623854 0.14220183486238533
0 0.5311926605504587 0.8954128440366972 0.10458715596330272 0.20917431192660557
0 0.3454128440366972 0.9105504587155963 0.09220183486238533 0.12201834862385326
0 0.27522935779816515 0.865137614678899 0.08394495412844041 0.10825688073394488
0 0.1661697247706422 0.794954128440367 0.10389908256880734 0.10366972477064224
