0 0.7809633027522935 0.7087155963302751 0.07706422018348619 0.11467889908256879
0 0.6447247706422019 0.756880733944954 0.09633027522935776 0.15229357798165138
0 0.6306192660550459 0.9178899082568808 0.07912844036697252 0.1
0 0.75 0.8729357798165138 0.07568807339449533 0.08348623853211007
0 0.7678899082568796 0.28165137614678915 0.08807339449541268 0.10642201834862401
0 0.7699541284403669 0.4871559633027522 0.08394495412844037 0.13211009174311913
0 0.6743119266055047 0.4733944954128441 0.09633027522935776 0.13944954128440365
0 0.593119266055046 0.06972477064220184 0.0825688073394496 0.11376146788990826
0 0.4847477064220176 0.05825688073394499 0.08050458715596327 0.11651376146788998
0 0.15584862385321085 0.799082568807339 0.07224770642201825 0.08807339449541338
0 0.26353211009174315 0.845412844036697 0.08119266055045869 0.07798165137614674
0 0.34506880733944956 0.886697247706422 0.07087155963302745 0.07798165137614689
0 0.3970183486238532 0.08623853211009175 0.08394495412844037 0.08807339449541285
0 0.24873853211009178 0.13440366972477066 0.08738532110091743 0.08532110091743121
0 0.18027522935779816 0.15504587155963304 0.0481651376146789 0.08807339449541286
0 0.27557339449541285 0.2761467889908257 0.08876146788990823 0.10458715596330276
0 0.11800458715596328 0.572935779816514 0.06949541284403668 0.10000000000000002
