0 0.5490825688073394 0.7403669724770643 0.12660550458715597 0.21100917431192656
0 0.7716743119266056 0.4935779816513761 0.10802752293577982 0.1339449541284403
0 0.7706422018348624 0.28211009174311924 0.09770642201834846 0.09999999999999996
0 0.7727064220183487 0.7045871559633028 0.09220183486238526 0.11926605504587158
0 0.758256880733945 0.8715596330275229 0.06743119266055046 0.09357798165137624
0 0.6344036697247707 0.9486238532110092 0.09908256880733951 0.10275229357798167
0 0.48612385321100926 0.06559633027522936 0.08876146788990823 0.13119266055045872
0 0.349197247706422 0.20596330275229355 0.08325688073394492 0.1256880733944954
0 0.2772935779816514 0.11972477064220184 0.09770642201834862 0.14770642201834863
0 0.26353211009174315 0.273394495412844 0.08669724770642198 0.12110091743119267
0 0.1974770642201835 0.2756880733944954 0.0688073394495413 0.09816513761467888
0 0.1396788990825688 0.2944954128440367 0.04541284403669724 0.10642201834862383
0 0.17408256880733944 0.1669724770642202 0.10045871559633027 0.09541284403669727
0 0.09495412844036696 0.2188073394495413 0.08256880733944953 0.09816513761467888
0 0.1592889908256881 0.8 0.07912844036697247 0.10091743119266056
0 0.2721330275229358 0.8587155963302752 0.07775229357798163 0.10825688073394488
0 0.3454128440366972 0.8770642201834863 0.06880733944954123 0.09174311926605512
