0 0.53923 0.18030900000000002 0.09210899999999998 0.23331800000000003
0 0.38859 0.19892900000000002 0.125427 0.149399
0 0.596537 0.069375 0.063368 0.106974
0 0.49266055045871554 0.04724770642201836 0.09633027522935782 0.0944954128440367
0 0.7692660550458715 0.2802752293577982 0.09770642201834862 0.11100917431192663
0 0.7733944954128441 0.48715596330275235 0.09495412844036694 0.15229357798165138
0 0.6801605504587155 0.47155963302752285 0.10252293577981648 0.1596330275229358
0 0.7819954128440366 0.7096330275229359 0.09426605504587159 0.11284403669724781
0 0.6385321100917432 0.7541284403669724 0.12247706422018353 0.15229357798165138
0 0.6337155963302753 0.918348623853211 0.09357798165137617 0.10458715596330279
0 0.7517201834862385 0.8756880733944954 0.06811926605504581 0.11284403669724767
0 0.27591743119266054 0.8646788990825689 0.07706422018348619 0.09082568807339456
0 0.3423165137614681 0.8724770642201827 0.08325688073394508 0.08623853211009187
0 0.1551605504587156 0.8050458715596329 0.09288990825688075 0.08532110091743121
0 0.056766055045871566 0.4756880733944954 0.05022935779816514 0.07431192660550451
0 0.08841743119266056 0.24082568807339452 0.08876146788990825 0.08532110091743121
0 0.16788990825688074 0.16192660550458715 0.08119266055045873 0.10183486238532109
0 0.14174311926605504 0.29541284403669726 0.057798165137614675 0.06422018348623858
0 0.1912844036697248 0.25183486238532105 0.06880733944954132 0.1385321100917431
0 0.26903669724770646 0.27798165137614683 0.08119266055045873 0.15229357798165138
0 0.03371559633027523 0.38761467889908263 0.05779816513761468 0.05963302752293579
