0 0.544852 0.139814 0.083912 0.261076
0 0.7813073394495413 0.2798165137614679 0.09977064220183479 0.13577981651376145
0 0.7723623853211009 0.48532110091743114 0.09288990825688061 0.15412844036697243
0 0.6836009174311927 0.4825688073394495 0.09564220183486243 0.16880733944954124
0 0.7768348623853211 0.7027522935779816 0.08394495412844037 0.13944954128440373
0 0.6440366972477065 0.7495412844036697 0.11972477064220194 0.15596330275229348
0 0.6258027522935781 0.9119266055045872 0.11628440366972484 0.12110091743119268
0 0.7530963302752294 0.8821100917431193 0.10252293577981647 0.1
0 0.35711009174311925 0.8724770642201836 0.09770642201834862 0.09908256880733944
0 0.27178899082568814 0.8522935779816514 0.09082568807339453 0.09908256880733944
0 0.16754587155963305 0.8068807339449541 0.08738532110091742 0.09633027522935791
0 0.05263761467889909 0.47431192660550464 0.06399082568807339 0.06788990825688067
0 0.05091743119266054 0.358256880733945 0.05917431192660555 0.06330275229357782
0 0.044724770642201844 0.39082568807339446 0.07568807339449542 0.06605504587155962
0 0.1455275229357798 0.2899082568807339 0.08188073394495411 0.0825688073394495
0 0.19782110091743121 0.24174311926605505 0.06949541284403668 0.11834862385321103
0 0.2597477064220184 0.27064220183486243 0.08463302752293579 0.14495412844036693
0 0.3474770642201836 0.2275229357798165 0.09082568807339446 0.09541284403669723
0 0.2714449541284404 0.12935779816513762 0.11215596330275229 0.12660550458715597
0 0.17029816513761467 0.16238532110091747 0.08463302752293583 0.10642201834862387
0 0.4892201834862385 0.07018348623853213 0.07155963302752291 0.14036697247706426
0 0.6027522935779817 0.06559633027522936 0.0688073394495413 0.13119266055045872
