0 0.7596620000000001 0.234198 0.094207 0.129522
0 0.304984 0.166642 0.098076 0.197755
0 0.4138761467889908 0.09036697247706423 0.10665137614678905 0.0834862385321101
0 0.4905963302752294 0.06422018348623854 0.08256880733944953 0.12660550458715597
0 0.5910550458715597 0.07477064220183487 0.09357798165137624 0.12935779816513762
0 0.677408256880734 0.4908256880733945 0.09839449541284409 0.15779816513761474
0 0.7716743119266056 0.48623853211009177 0.08738532110091755 0.15045871559633014
0 0.7792431192660552 0.7114678899082568 0.08463302752293572 0.13119266055045856
0 0.751032110091743 0.8756880733944955 0.0763761467889907 0.1
0 0.6385321100917432 0.7559633027522936 0.09770642201834867 0.1467889908256882
0 0.6271788990825687 0.9197247706422018 0.09839449541284409 0.1
0 0.3543577981651376 0.8954128440366972 0.09082568807339446 0.10091743119266047
0 0.26697247706422017 0.843119266055046 0.0825688073394496 0.07889908256880744
0 0.15825688073394495 0.8068807339449541 0.08256880733944955 0.0834862385321101
0 0.11456422018348628 0.5697247706422016 0.06811926605504598 0.11376146788990817
0 0.054357798165137625 0.47614678899082574 0.04678899082568808 0.06055045871559632
0 0.020642201834862383 0.4564220183486239 0.02614678899082569 0.04311926605504588
0 0.1486238532110092 0.28944954128440364 0.07706422018348624 0.05963302752293582
0 0.19128440366972477 0.2582568807339449 0.07018348623853213 0.08715596330275226
0 0.259059633027523 0.2688073394495413 0.09013761467889911 0.13944954128440362
0 0.24392201834862384 0.11834862385321103 0.05573394495412845 0.08807339449541285
0 0.18165137614678897 0.16238532110091744 0.08394495412844036 0.09174311926605505
