0 0.5927469999999999 0.075241 0.077174 0.11958
0 0.3438659999999999 0.2017909266055046 0.08609499999999998 0.13563814678899092
0 0.28142201834862385 0.10917431192660551 0.10321100917431192 0.12477064220183488
0 0.26697247706422017 0.28256880733944956 0.1004587155963303 0.13944954128440368
0 0.19610091743119265 0.2509174311926606 0.08669724770642205 0.12385321100917433
0 0.14621559633027523 0.2981651376146789 0.07362385321100919 0.06972477064220187
0 0.17029816513761467 0.16559633027522935 0.09013761467889911 0.09266055045871559
0 0.037155963302752296 0.3931192660550459 0.07018348623853211 0.06513761467889907
0 0.21708715596330272 0.6935779816513761 0.10114678899082566 0.110091743119266
0 0.1610091743119266 0.8169724770642202 0.09495412844036698 0.08715596330275233
0 0.2769495412844037 0.8665137614678899 0.07362385321100916 0.10733944954128447
0 0.34300458715596327 0.868348623853211 0.08600917431192659 0.09633027522935776
0 0.4844036697247702 0.8376146788990829 0.13623853211009168 0.3009174311926604
0 0.6478211009174312 0.7394495412844038 0.13142201834862383 0.1541284403669725
0 0.7720183486238532 0.7036697247706423 0.10596330275229349 0.12660550458715605
0 0.755848623853211 0.8766055045871559 0.08050458715596336 0.09633027522935791
0 0.6313073394495413 0.9201834862385322 0.09288990825688075 0.10091743119266056
0 0.677408256880734 0.4779816513761468 0.10665137614678906 0.15596330275229364
0 0.775802752293578 0.48486238532110093 0.09977064220183493 0.14954128440366973
0 0.7706422018348624 0.28256880733944956 0.09495412844036707 0.08623853211009173
0 0.484059633027523 0.06972477064220184 0.10802752293577988 0.13211009174311927
