0 0.577099 0.287029 0.113124 0.22931
0 0.356514 0.182193 0.106866 0.18342200000000003
0 0.4847477064220183 0.06422018348623855 0.09839449541284402 0.12844036697247707
0 0.27522935779816515 0.12293577981651377 0.08532110091743121 0.12110091743119267
0 0.268348623853211 0.23440366972477064 0.07431192660550455 0.11100917431192663
0 0.19644495412844037 0.29908256880733947 0.07362385321100916 0.13394495412844035
0 0.14827981651376146 0.2894495412844037 0.058486238532110074 0.07247706422018346
0 0.17029816513761467 0.16146788990825692 0.0915137614678899 0.11743119266055048
0 0.042316513761467896 0.371559633027523 0.07500000000000001 0.07522935779816514
0 0.15894495412844037 0.8087155963302751 0.09220183486238531 0.09082568807339456
0 0.27488532110091746 0.8775229357798164 0.08050458715596336 0.1073394495412846
0 0.3433486238532108 0.8720183486238534 0.07018348623853175 0.08532110091743114
0 0.6227064220183487 0.9463302752293578 0.08119266055045876 0.10733944954128433
0 0.7489678899082568 0.858256880733945 0.09288990825688087 0.1275229357798166
0 0.7809633027522935 0.7022935779816514 0.09082568807339456 0.13486238532110092
0 0.7661697247706423 0.4834862385321101 0.11490825688073386 0.13761467889908247
0 0.775802752293578 0.2701834862385321 0.1038990825688073 0.1238532110091743
