0 0.3433189999999997 0.19911605504587152 0.08502699999999994 0.14926788990825685
0 0.268338 0.11072099999999999 0.076707 0.118209
0 0.26972477064220185 0.28394495412844034 0.10321100917431196 0.16055045871559628
0 0.19919724770642205 0.2545871559633028 0.07500000000000004 0.11834862385321103
0 0.14896788990825688 0.294954128440367 0.05986238532110093 0.07981651376146794
0 0.17133027522935781 0.16055045871559634 0.08119266055045872 0.09541284403669724
0 0.0481651376146789 0.36192660550458716 0.07155963302752294 0.054128440366972515
0 0.03818807339449537 0.3977064220183486 0.07362385321100909 0.04678899082568775
0 0.15653669724770644 0.8110091743119263 0.07500000000000002 0.08623853211009164
0 0.276605504587156 0.8729357798165137 0.08119266055045873 0.11284403669724767
0 0.3471330275229358 0.8711009174311926 0.07362385321100916 0.09266055045871567
0 0.49231651376146784 0.8142201834862385 0.11215596330275225 0.23577981651376148
0 0.6436926605504587 0.7486238532110092 0.11215596330275232 0.15229357798165125
0 0.7740825688073394 0.7027522935779816 0.0977064220183486 0.12844036697247702
0 0.7520642201834863 0.8701834862385321 0.07431192660550451 0.09633027522935776
0 0.6306192660550459 0.9472477064220183 0.0915137614678899 0.10550458715596335
0 0.772362385321101 0.2756880733944954 0.10252293577981662 0.10183486238532108
0 0.7764908256880735 0.48302752293577983 0.09288990825688073 0.11467889908256879
0 0.679816513761468 0.4688073394495413 0.10733944954128433 0.1577981651376147
0 0.5931192660550461 0.07522935779816514 0.09908256880733944 0.10642201834862386
0 0.48784403669724774 0.06238532110091743 0.09633027522935776 0.12477064220183486
