0 0.590496 0.077848 0.087866 0.118628
0 0.25643245871559633 0.29302845871559635 0.1116019357798164 0.14905890825688078
0 0.35320699999999994 0.20541100000000004 0.070195 0.134412
0 0.483765 0.06704 0.079597 0.13408
0 0.26908 0.111918 0.075776 0.118806
0 0.1954128440366973 0.2775229357798165 0.06192660550458715 0.0963302752293578
0 0.1403669724770642 0.30091743119266057 0.057798165137614654 0.10825688073394492
0 0.18061926605504589 0.1701834862385321 0.10527522935779818 0.09266055045871559
0 0.6994266055045872 0.13669724770642205 0.1272935779816514 0.17431192660550462
0 0.7744266055045873 0.27706422018348625 0.1038990825688073 0.09724770642201833
0 0.7730504587155964 0.48715596330275224 0.09564220183486243 0.13944954128440357
0 0.6777522935779817 0.4701834862385321 0.10596330275229356 0.15137614678899078
0 0.7702981651376147 0.706422018348624 0.10114678899082577 0.11559633027522935
0 0.7496559633027524 0.8605504587155963 0.09701834862385325 0.1339449541284405
0 0.6333715596330276 0.9463302752293578 0.10527522935779828 0.10733944954128433
0 0.6388761467889909 0.7490825688073395 0.12591743119266055 0.1642201834862385
0 0.34506880733944956 0.8761467889908257 0.07775229357798168 0.08623853211009162
0 0.2772935779816514 0.8720183486238533 0.07706422018348622 0.10733944954128447
0 0.16169724770642202 0.8013761467889907 0.07706422018348624 0.09266055045871567
