0 0.6450688073394495 0.7577981651376146 0.13004587155963293 0.14862385321100915
0 0.7799311926605504 0.7077981651376146 0.10389908256880745 0.10733944954128433
0 0.7555045871559632 0.8674311926605505 0.09220183486238524 0.10550458715596335
0 0.6399082568807339 0.9155963302752295 0.09495412844036694 0.10642201834862376
0 0.3464449541284404 0.8779816513761469 0.08463302752293579 0.08623853211009176
0 0.2711009174311927 0.8587155963302752 0.08807339449541289 0.08807339449541289
0 0.22259174311926608 0.6871559633027523 0.11766055045871561 0.1137614678899083
0 0.1555045871559633 0.7967889908256882 0.08669724770642201 0.08899082568807344
0 0.053669724770642205 0.4756880733944955 0.05229357798165138 0.061467889908256905
0 0.14346330275229358 0.2931192660550458 0.0639908256880734 0.07247706422018349
0 0.1933486238532109 0.2600917431192661 0.07018348623853225 0.1146788990825687
0 0.2673165137614678 0.28348623853210986 0.10114678899082577 0.15229357798165127
0 0.3412844036697248 0.21926605504587157 0.10321100917431192 0.11559633027522935
0 0.27247706422018353 0.12339449541284403 0.11559633027522938 0.11834862385321099
0 0.16995412844036697 0.16192660550458715 0.08394495412844037 0.09266055045871559
0 0.49025229357798167 0.08027522935779817 0.10665137614678898 0.16055045871559634
0 0.5927752293577983 0.08715596330275228 0.08600917431192656 0.14311926605504588
0 0.7713302752293582 0.28302752293577965 0.09220183486238581 0.10366972477064217
0 0.7727064220183487 0.4853211009174312 0.09495412844036694 0.1376146788990826
0 0.6725917431192662 0.47155963302752296 0.12178899082568798 0.1596330275229358
