0 0.358716376146789 0.19487400000000002 0.05596175229357811 0.148112
0 0.257792 0.107502 0.046062000000000006 0.117911
0 0.6216766422018349 0.9471818119266052 0.07082711926605474 0.10563637614678832
0 0.31907795412844037 0.1225412844036697 0.08691409174311909 0.12779125688073395
0 0.49025229357798167 0.07018348623853211 0.11215596330275225 0.14036697247706423
0 0.2604357798165138 0.2903669724770642 0.10252293577981654 0.1532110091743119
0 0.22018348623853215 0.24770642201834867 0.10458715596330276 0.1302752293577983
0 0.15240825688073392 0.2908256880733945 0.08325688073394494 0.09174311926605498
0 0.748967889908257 0.8646788990825689 0.08463302752293572 0.1366972477064222
0 0.792316513761468 0.660091743119266 0.06811926605504581 0.1183486238532111
0 0.6402522935779816 0.7577981651376146 0.11353211009174316 0.14495412844036693
0 0.27832568807339453 0.879816513761468 0.08188073394495411 0.10642201834862376
0 0.35779816513761475 0.9160550458715596 0.06467889908256887 0.1
0 0.37740825688073415 0.8059633027522932 0.14518348623853222 0.2192660550458713
0 0.17029816513761467 0.7995412844036697 0.10252293577981651 0.1
0 0.15722477064220183 0.1756880733944954 0.12316513761467889 0.10550458715596334
