0 0.5959749999999999 0.079047 0.079684 0.128314
0 0.49025229357798167 0.05779816513761468 0.09013761467889907 0.11559633027522936
0 0.7768348623853205 0.276605504587156 0.09220183486238603 0.10183486238532115
0 0.7709862385321101 0.4876146788990826 0.09288990825688073 0.1311926605504587
0 0.6763761467889909 0.4834862385321101 0.10045871559633042 0.1688073394495413
0 0.7809633027522925 0.7000000000000003 0.078440366972477 0.11926605504587119
0 0.7544724770642202 0.8559633027522936 0.07224770642201833 0.11559633027522949
0 0.629243119266055 0.9192660550458716 0.09839449541284412 0.09541284403669721
0 0.6361238532110093 0.7477064220183487 0.11903669724770653 0.15596330275229364
0 0.3526376146788991 0.8821100917431193 0.08876146788990823 0.09449541284403665
0 0.2693807339449541 0.8458715596330275 0.07087155963302752 0.0733944954128441
0 0.15309633027522931 0.8064220183486236 0.06674311926605503 0.08256880733944945
0 0.11318807339449542 0.5646788990825687 0.058486238532110095 0.11651376146788983
0 0.032339449541284405 0.3871559633027523 0.06192660550458716 0.06055045871559635
0 0.1496559633027523 0.3009174311926605 0.08188073394495415 0.07522935779816514
0 0.264564220183486 0.2770642201834861 0.09426605504587152 0.12660550458715608
0 0.343348623853211 0.21788990825688073 0.09633027522935776 0.12018348623853209
0 0.2711009174311927 0.1188073394495413 0.08807339449541289 0.11651376146788993
0 0.13761467889908258 0.20321100917431195 0.09220183486238533 0.07798165137614678
0 0.1661697247706422 0.1486238532110092 0.07362385321100916 0.07339449541284404
0 0.2095183486238532 0.7114678899082568 0.11628440366972477 0.07064220183486228
