0 0.5596290000000002 0.18826 0.094034 0.2481
0 0.37640699999999994 0.207485 0.100333 0.124045
0 0.481651376146789 0.0701834862385321 0.0825688073394496 0.14036697247706423
0 0.7665137614678901 0.276605504587156 0.0977064220183486 0.1165137614678899
0 0.7661697247706423 0.4876146788990826 0.12178899082568805 0.13669724770642205
0 0.7751146788990826 0.7027522935779819 0.10252293577981648 0.11559633027522949
0 0.754816513761468 0.8550458715596331 0.08532110091743135 0.13211009174311925
0 0.6237385321100918 0.9495412844036697 0.0860091743119267 0.10091743119266056
0 0.2676605504587156 0.2564220183486239 0.08669724770642198 0.09082568807339449
0 0.2721330275229358 0.11284403669724771 0.0915137614678899 0.13761467889908258
0 0.1761467889908257 0.1669724770642202 0.10596330275229357 0.09541284403669724
0 0.19782110091743121 0.2651376146788991 0.0639908256880734 0.08623853211009176
0 0.14036697247706423 0.28990825688073396 0.06467889908256882 0.09174311926605505
0 0.15825688073394498 0.8055045871559634 0.08669724770642201 0.11926605504587158
0 0.2728211009174312 0.8692660550458714 0.08050458715596331 0.11284403669724767
0 0.345756880733945 0.8752293577981652 0.07224770642201833 0.08256880733944953
