0 0.3529816513761468 0.8839449541284403 0.08944954128440372 0.08715596330275219
0 0.27591743119266054 0.8440366972477065 0.08532110091743124 0.08623853211009176
0 0.15412844036697249 0.8013761467889908 0.07568807339449542 0.08348623853210996
0 0.21330275229357795 0.6821100917431192 0.1045871559633027 0.11284403669724764
0 0.11869266055045874 0.5628440366972477 0.06949541284403671 0.12201834862385319
0 0.04919724770642203 0.47981651376146783 0.07775229357798166 0.07339449541284403
0 0.05126146788990825 0.35091743119266056 0.06811926605504587 0.055963302752293484
0 0.03474770642201835 0.39128440366972483 0.06536697247706422 0.061467889908256905
0 0.15275229357798165 0.298165137614679 0.07844036697247704 0.06788990825688075
0 0.15894495412844037 0.15458715596330275 0.07018348623853209 0.06146788990825689
0 0.18096330275229355 0.2220183486238531 0.08944954128440372 0.13577981651376156
0 0.27178899082568814 0.12064220183486238 0.10183486238532112 0.12568807339449542
0 0.3481651376146789 0.20504587155963303 0.08669724770642201 0.11834862385321103
0 0.26525229357798163 0.268348623853211 0.09839449541284402 0.1642201834862385
0 0.48646788990825696 0.0743119266055046 0.07431192660550458 0.14862385321100918
0 0.588302752293578 0.08486238532110094 0.08807339449541281 0.13302752293577982
0 0.7754587155963303 0.273394495412844 0.08807339449541274 0.10091743119266053
0 0.7713302752293579 0.4885321100917432 0.09770642201834862 0.12752293577981655
0 0.6805045871559634 0.4779816513761468 0.10321100917431196 0.1669724770642202
0 0.7816513761467889 0.7068807339449541 0.08669724770642205 0.1256880733944955
0 0.6381880733944955 0.7568807339449541 0.11903669724770637 0.16330275229357796
0 0.6264908256880733 0.9224770642201834 0.0915137614678899 0.1
0 0.7548165137614672 0.8541284403669726 0.08394495412844018 0.12110091743119294
