0 0.34477190825688064 0.20346806422018335 0.0840131834862384 0.14201087155963268
0 0.591864 0.069108 0.074726 0.12295099999999999
0 0.26697247706422017 0.281651376146789 0.08807339449541281 0.1559633027522936
0 0.19678899082568813 0.25045871559633004 0.07155963302752286 0.13211009174311913
0 0.14862385321100915 0.28623853211009176 0.07431192660550456 0.08990825688073394
0 0.1706422018348624 0.15458715596330277 0.08532110091743121 0.08899082568807341
0 0.16204128440366972 0.8096330275229358 0.09288990825688076 0.08715596330275233
0 0.2686926605504587 0.8587155963302752 0.07362385321100913 0.0935779816513761
0 0.34541284403669725 0.8706422018348623 0.07293577981651378 0.08623853211009172
0 0.4926605504587156 0.8045871559633028 0.11146788990825683 0.2422018348623854
0 0.6454128440366972 0.7509174311926605 0.11972477064220172 0.1568807339449542
0 0.7751146788990826 0.7073394495412845 0.09426605504587159 0.10642201834862376
0 0.752408256880734 0.873394495412844 0.08325688073394502 0.10091743119266056
0 0.6292431192660551 0.9243119266055043 0.08738532110091754 0.1036697247706421
0 0.6767201834862386 0.47568807339449537 0.10252293577981648 0.15321100917431188
0 0.7723623853211009 0.4853211009174312 0.09564220183486227 0.13394495412844037
0 0.7730504587155963 0.26972477064220185 0.09839449541284395 0.10642201834862391
0 0.48646788990825696 0.06926605504587156 0.09633027522935783 0.13853211009174313
0 0.27213302752293583 0.10825688073394493 0.08463302752293579 0.11376146788990829
