0 0.6791284403669725 0.4747706422018348 0.10183486238532119 0.15137614678899083
0 0.7733944954128441 0.4876146788990826 0.09908256880733944 0.1440366972477065
0 0.7733944954128441 0.273394495412844 0.08807339449541274 0.10275229357798164
0 0.775802752293578 0.7068807339449541 0.09839449541284395 0.11100917431192656
0 0.7544724770642202 0.855045871559633 0.08463302752293572 0.12293577981651381
0 0.6288990825688074 0.9146788990825689 0.08394495412844044 0.11559633027522935
0 0.6375 0.7481651376146788 0.11353211009174316 0.1513761467889907
0 0.5900229357798166 0.08302752293577984 0.09564220183486234 0.13302752293577982
0 0.48268348623853213 0.07706422018348624 0.07637614678899084 0.15412844036697249
0 0.34747706422018354 0.22844036697247705 0.07706422018348626 0.12477064220183486
0 0.2642201834862386 0.27385321100917415 0.0908256880733944 0.14954128440366937
0 0.2772935779816514 0.12568807339449542 0.09770642201834864 0.12477064220183488
0 0.16788990825688077 0.16192660550458718 0.08119266055045865 0.08715596330275231
0 0.19472477064220187 0.2545871559633028 0.06467889908256882 0.12018348623853209
0 0.15034403669724772 0.2926605504587156 0.07912844036697249 0.07339449541284403
0 0.057454128440366986 0.4784403669724771 0.06536697247706423 0.06513761467889907
0 0.118348623853211 0.5711009174311926 0.0701834862385321 0.12201834862385326
0 0.21880733944954125 0.6830275229357798 0.12385321100917432 0.09816513761467896
0 0.1592889908256881 0.8073394495412844 0.075 0.10458715596330294
0 0.265940366972477 0.8417431192660552 0.08600917431192659 0.08532110091743107
0 0.3485091743119267 0.8844036697247708 0.08738532110091743 0.08807339449541289
