0 0.590729 0.069704 0.076473 0.123302
0 0.48887614678899083 0.059174311926605515 0.08876146788990823 0.11834862385321103
0 0.34403669724770647 0.20045871559633027 0.08669724770642205 0.13669724770642197
0 0.2600917431192661 0.29128440366972475 0.10183486238532108 0.14220183486238525
0 0.19059633027522938 0.2761467889908257 0.06055045871559635 0.10091743119266056
0 0.1434633027522936 0.30045871559633014 0.05022935779816514 0.10000000000000017
0 0.1813073394495413 0.16422018348623854 0.10252293577981654 0.10642201834862386
0 0.2728211009174312 0.10871559633027524 0.07912844036697247 0.12201834862385325
0 0.7672018348623854 0.27660550458715594 0.09495412844036694 0.08715596330275226
0 0.6767201834862385 0.4720183486238533 0.10802752293577975 0.1568807339449541
0 0.769954128440367 0.47798165137614673 0.09495412844036694 0.11926605504587151
0 0.780619266055046 0.7091743119266056 0.0873853211009174 0.11192660550458712
0 0.7565366972477066 0.8577981651376146 0.08876146788990823 0.12844036697247702
0 0.629243119266055 0.9444954128440368 0.1107798165137615 0.10917431192660558
0 0.5752293577981651 0.6862385321100917 0.11972477064220186 0.24036697247706415
0 0.26800458715596326 0.8628440366972479 0.07499999999999997 0.08899082568807344
0 0.34541284403669725 0.8766055045871559 0.08256880733944953 0.10183486238532097
0 0.16204128440366972 0.8064220183486239 0.08876146788990827 0.08623853211009176
