0 0.34211577981651387 0.20864636697247707 0.08520099999999996 0.13146212844036695
0 0.591611 0.068682 0.075335 0.124966
0 0.4833715596330276 0.07110091743119266 0.1107798165137615 0.13853211009174313
0 0.2714449541284404 0.10412844036697244 0.09151376146789009 0.11467889908256881
0 0.27075688073394494 0.2793577981651376 0.09013761467889907 0.13669724770642197
0 0.19850917431192663 0.24908256880733945 0.09013761467889911 0.12201834862385322
0 0.14105504587155962 0.281651376146789 0.06880733944954129 0.07706422018348619
0 0.1706422018348624 0.15412844036697249 0.09082568807339449 0.10642201834862387
0 0.16513761467889906 0.8110091743119267 0.09770642201834864 0.089908256880734
0 0.26731651376146787 0.8633027522935781 0.0846330275229359 0.10275229357798185
0 0.34403669724770647 0.8733944954128441 0.08944954128440372 0.10825688073394488
0 0.4998853211009174 0.8188073394495413 0.11766055045871561 0.24678899082568806
0 0.6381880733944955 0.7513761467889907 0.13142201834862377 0.17798165137614674
0 0.7730504587155963 0.701376146788991 0.10114678899082563 0.11100917431192656
0 0.7572247706422018 0.868348623853211 0.08188073394495418 0.10183486238532112
0 0.6268348623853212 0.9206422018348625 0.09357798165137624 0.09266055045871553
0 0.671559633027523 0.48394495412844035 0.11146788990825683 0.1642201834862385
0 0.7699541284403673 0.4871559633027521 0.10183486238532073 0.13577981651376153
0 0.7665137614678901 0.27706422018348625 0.0977064220183486 0.09541284403669724
