0 0.377418 0.19484499999999996 0.104367 0.15362
0 0.544503 0.092779 0.060145 0.18446400000000002
0 0.4809633027522935 0.061467889908256884 0.0825688073394496 0.12293577981651377
0 0.2724770642201835 0.11376146788990826 0.09082568807339449 0.1284403669724771
0 0.25355504587155964 0.28761467889908254 0.11077981651376145 0.15321100917431188
0 0.19713302752293577 0.2692660550458716 0.0543577981651376 0.1
0 0.1448394495412844 0.28853211009174307 0.05848623853211014 0.09266055045871574
0 0.17752293577981654 0.16238532110091747 0.09220183486238534 0.10275229357798167
0 0.768922018348624 0.27477064220183484 0.10665137614678898 0.08899082568807341
0 0.7720183486238532 0.48807339449541287 0.11559633027522921 0.1504587155963302
0 0.7730504587155964 0.7068807339449541 0.10252293577981647 0.12385321100917437
0 0.7530963302752294 0.8610091743119268 0.09426605504587143 0.14036697247706426
0 0.6230504587155963 0.9486238532110092 0.07775229357798161 0.10275229357798167
0 0.34575688073394495 0.8848623853211008 0.08325688073394492 0.10183486238532112
0 0.2786697247706422 0.8724770642201836 0.07431192660550458 0.10825688073394488
0 0.1647935779816514 0.8050458715596329 0.10114678899082569 0.10733944954128433
