0 0.34530498165137613 0.20256090825688078 0.0781983944954127 0.1337261100917431
0 0.4097477064220184 0.1165137614678899 0.10527522935779814 0.20917431192660552
0 0.48509174311926606 0.07110091743119266 0.08807339449541289 0.14220183486238533
0 0.31272935779816513 0.13532110091743121 0.09013761467889907 0.11834862385321103
0 0.2693807339449541 0.09862385321100918 0.07912844036697247 0.11834862385321103
0 0.25940366972477064 0.2899082568807339 0.09357798165137612 0.15045871559633026
0 0.1451834862385322 0.2935779816513761 0.059174311926605466 0.08623853211009176
0 0.18268348623853212 0.16192660550458715 0.10114678899082569 0.09999999999999998
0 0.22190366972477032 0.25458715596330284 0.10389908256880726 0.12935779816513746
0 0.16961009174311925 0.8004587155963303 0.09288990825688073 0.09633027522935776
0 0.2717889908256881 0.8619266055045872 0.07706422018348626 0.12018348623853214
0 0.35022935779816516 0.8922018348623854 0.08532110091743117 0.11284403669724781
0 0.5638761467889908 0.6509174311926605 0.1272935779816514 0.21192660550458725
0 0.6467889908256882 0.7472477064220183 0.10596330275229363 0.1788990825688073
0 0.724197247706422 0.6922018348623854 0.13967889908256878 0.15871559633027524
0 0.7926605504587156 0.6683486238532106 0.0646788990825691 0.13119266055045947
0 0.7747706422018349 0.48669724770642203 0.11697247706422019 0.12201834862385319
0 0.7565366972477061 0.8793577981651366 0.06674311926605649 0.10733944954128644
0 0.6223623853211009 0.9463302752293581 0.08738532110091747 0.1073394495412842
