0 0.523835 0.134232 0.08949199999999999 0.252772
0 0.624687192660549 0.9412169495412845 0.08118699082568841 0.11756610091743068
0 0.580698 0.38831400000000005 0.10989399999999999 0.194889
0 0.3589448899082568 0.20606344036697244 0.06671509174311943 0.1357708165137615
0 0.259164 0.10998799999999999 0.053212 0.113143
0 0.3223480000000001 0.119405 0.08372200000000002 0.135814
0 0.768922018348624 0.4825688073394495 0.11490825688073386 0.14311926605504588
0 0.7905963302752294 0.6683486238532111 0.08119266055045869 0.12568807339449556
0 0.7606651376146789 0.8637614678899083 0.07775229357798154 0.14954128440366957
0 0.6481651376146789 0.7490825688073395 0.10045871559633028 0.17155963302752297
0 0.7314220183486239 0.6940366972477063 0.1307339449541284 0.14403669724770643
0 0.25665137614678896 0.2903669724770642 0.10733944954128444 0.1513761467889908
0 0.22224770642201835 0.2536697247706421 0.11422018348623858 0.1385321100917434
0 0.14655963302752295 0.29541284403669726 0.08119266055045872 0.09908256880733948
0 0.1830275229357798 0.16559633027522938 0.10321100917431193 0.10733944954128441
0 0.2745412844036697 0.8697247706422019 0.08944954128440369 0.11376146788990824
0 0.34782110091743124 0.8963302752293579 0.0736238532110092 0.10458715596330279
0 0.16616972477064224 0.8055045871559634 0.09564220183486238 0.09908256880733944
