0 0.7792431192660549 0.28623853211009176 0.10940366972477063 0.10825688073394492
0 0.7768348623853211 0.4848623853211009 0.09633027522935776 0.14587155963302748
0 0.6877293577981652 0.48623853211009177 0.09701834862385325 0.19082568807339448
0 0.7771788990825688 0.7096330275229357 0.09977064220183479 0.12201834862385326
0 0.6450688073394495 0.7587155963302752 0.11766055045871568 0.14862385321100902
0 0.6333715596330276 0.9146788990825688 0.09701834862385325 0.13577981651376148
0 0.7668577981651375 0.8711009174311926 0.10252293577981661 0.10000000000000014
0 0.5883027522935779 0.561467889908257 0.13486238532110092 0.19816513761467897
0 0.349197247706422 0.21605504587155963 0.09013761467889907 0.1238532110091743
0 0.26387614678899085 0.25229357798165136 0.09701834862385318 0.13577981651376142
0 0.2621559633027523 0.12477064220183488 0.10871559633027524 0.12293577981651378
0 0.4871559633027524 0.0720183486238532 0.10183486238532112 0.1440366972477064
0 0.5920871559633027 0.08623853211009173 0.09426605504587159 0.14495412844036695
0 0.16857798165137616 0.1688073394495413 0.0908256880733945 0.12293577981651377
0 0.14759174311926604 0.2967889908256881 0.07087155963302752 0.07798165137614682
0 0.19644495412844037 0.2426605504587156 0.06261467889908257 0.1110091743119266
0 0.058830275229357805 0.3619266055045871 0.07087155963302752 0.06697247706422012
0 0.04678899082568806 0.38990825688073394 0.08394495412844036 0.06605504587155962
0 0.055389908256880734 0.4660550458715596 0.06536697247706422 0.05321100917431188
0 0.34850917431192663 0.8743119266055046 0.0915137614678899 0.08623853211009176
0 0.26800458715596326 0.855045871559633 0.08188073394495415 0.09724770642201847
0 0.1654816513761468 0.805045871559633 0.09013761467889907 0.09816513761467888
