0 0.38089600000000007 0.18468 0.121601 0.177604
0 0.585964 0.073437 0.08536000000000002 0.128704
0 0.48130733944954096 0.06972477064220184 0.09151376146789031 0.13944954128440368
0 0.773394495412844 0.27293577981651373 0.09495412844036782 0.11100917431192686
0 0.7744266055045873 0.48715596330275235 0.10252293577981661 0.14128440366972483
0 0.6753440366972476 0.4899082568807339 0.11490825688073385 0.19449541284403665
0 0.775802752293578 0.7123853211009173 0.08876146788990823 0.11467889908256879
0 0.6430045871559633 0.7527522935779817 0.1424311926605504 0.15321100917431196
0 0.6299311926605505 0.9229357798165139 0.08738532110091754 0.09908256880733944
0 0.7596330275229357 0.8688073394495415 0.08532110091743098 0.09541284403669749
0 0.3498853211009174 0.8775229357798164 0.08600917431192663 0.08899082568807344
0 0.2745412844036697 0.8711009174311926 0.08807339449541289 0.11651376146788976
0 0.15 0.8064220183486239 0.08807339449541284 0.08440366972477065
0 0.06261467889908257 0.47477064220183496 0.0536697247706422 0.057798165137614675
0 0.14243119266055046 0.3 0.06055045871559635 0.06788990825688071
0 0.17821100917431193 0.1642201834862385 0.09357798165137615 0.09541284403669724
0 0.19506880733944962 0.2605504587155963 0.06536697247706431 0.13577981651376156
0 0.2607798165137615 0.28807339449541286 0.10321100917431192 0.16146788990825686
