0 0.587259 0.073726 0.084825 0.116707
0 0.492153 0.82722 0.106463 0.280001
0 0.343991 0.19929820183486235 0.086549 0.14202959633027518
0 0.4850917431192661 0.07018348623853213 0.10183486238532105 0.14036697247706426
0 0.775802752293578 0.27889908256880735 0.09288990825688061 0.1211009174311927
0 0.7785550458715598 0.47935779816513757 0.11903669724770653 0.14403669724770643
0 0.6836009174311924 0.4729357798165137 0.09288990825688113 0.14220183486238508
0 0.775802752293578 0.7041284403669724 0.09977064220183522 0.1146788990825692
0 0.7555045871559634 0.8637614678899084 0.0825688073394494 0.10000000000000014
0 0.6295871559633028 0.9229357798165139 0.0935779816513761 0.10275229357798167
0 0.6419724770642202 0.7426605504587155 0.14311926605504596 0.13853211009174315
0 0.35057339449541286 0.8715596330275229 0.08188073394495408 0.089908256880734
0 0.2786697247706422 0.8697247706422019 0.08807339449541285 0.10458715596330279
0 0.21915137614678898 0.6839449541284404 0.11215596330275229 0.11467889908256886
0 0.16238532110091744 0.8114678899082568 0.09357798165137615 0.07798165137614674
0 0.1434633027522936 0.2958715596330276 0.0626146788990826 0.07798165137614685
0 0.19678899082568804 0.2532110091743117 0.0990825688073395 0.12660550458715564
0 0.26800458715596326 0.28532110091743124 0.08600917431192659 0.12660550458715594
0 0.2721330275229358 0.09678899082568808 0.09564220183486238 0.12568807339449542
0 0.17511467889908258 0.15733944954128443 0.08876146788990823 0.08899082568807341
0 0.03612385321100917 0.396788990825688 0.06123853211009174 0.05596330275229356
