0 0.6791284403669725 0.47706422018348627 0.10733944954128447 0.17064220183486242
0 0.7744266055045871 0.4894495412844037 0.09977064220183479 0.14220183486238533
0 0.7740825688073394 0.2811926605504587 0.09633027522935776 0.09449541284403669
0 0.7761467889908258 0.7100917431192661 0.10045871559633028 0.11743119266055047
0 0.6416284403669725 0.7545871559633028 0.11903669724770644 0.1477064220183486
0 0.6271788990825687 0.9220183486238532 0.09564220183486234 0.10091743119266056
0 0.7527522935779821 0.8518348623853216 0.0825688073394496 0.12568807339449659
0 0.5845183486238533 0.08669724770642202 0.0915137614678898 0.15137614678899086
0 0.4854357798165138 0.0743119266055046 0.0805045871559632 0.14862385321100918
0 0.34782110091743124 0.2201834862385321 0.07637614678899077 0.12844036697247707
0 0.26938073394495415 0.2628440366972477 0.08188073394495411 0.12568807339449542
0 0.19403669724770645 0.2646788990825688 0.0688073394495413 0.1036697247706422
0 0.14002293577981656 0.29449541284403674 0.059862385321100865 0.06972477064220177
0 0.17201834862385323 0.16788990825688074 0.08119266055045873 0.09174311926605506
0 0.270756880733945 0.1224770642201835 0.09426605504587153 0.10733944954128441
0 0.04782110091743119 0.353211009174312 0.06123853211009175 0.05321100917431196
0 0.03818807339449541 0.389908256880734 0.06811926605504587 0.05688073394495412
0 0.05263761467889909 0.47935779816513757 0.055733944954128437 0.07614678899082569
0 0.11594036697247706 0.5688073394495413 0.07087155963302755 0.10458715596330287
0 0.21089449541284405 0.7169724770642202 0.09701834862385324 0.0724770642201834
0 0.15756880733944953 0.8064220183486239 0.07706422018348622 0.089908256880734
0 0.2621559633027523 0.8403669724770643 0.07018348623853214 0.08073394495412842
0 0.35917431192660554 0.8880733944954128 0.08394495412844033 0.0788990825688073
