0 0.774398 0.24030200000000002 0.10783800000000002 0.115549
0 0.36083299999999985 0.1946010458715596 0.12352099999999994 0.15336890825688068
0 0.268857 0.110266 0.077418 0.114411
0 0.48509174311926606 0.0743119266055046 0.10596330275229363 0.1486238532110092
0 0.7716743119266056 0.4853211009174312 0.12591743119266055 0.13211009174311925
0 0.7854357798165138 0.6926605504587156 0.11353211009174316 0.14678899082568805
0 0.758256880733945 0.8619266055045872 0.08119266055045869 0.13486238532110106
0 0.6165137614678899 0.9463302752293578 0.0922018348623854 0.10733944954128433
0 0.34816513761467893 0.8908256880733945 0.08669724770642201 0.09541284403669721
0 0.27557339449541285 0.8568807339449542 0.08463302752293579 0.10825688073394503
0 0.16376146788990828 0.8073394495412844 0.09220183486238533 0.10275229357798167
0 0.14655963302752295 0.30550458715596335 0.059174311926605515 0.10458715596330276
0 0.21467889908256882 0.2472477064220184 0.10183486238532112 0.13486238532110095
0 0.2631880733944954 0.28440366972477066 0.10527522935779818 0.14128440366972472
0 0.17029816513761467 0.16376146788990828 0.09839449541284402 0.08899082568807339
