0 0.763433 0.233431 0.106171 0.133157
0 0.3642389999999998 0.1984384770642203 0.1265729999999999 0.15065704587155987
0 0.4847477064220184 0.07614678899082568 0.11077981651376158 0.15229357798165138
0 0.7682339449541286 0.4958715596330275 0.10940366972477066 0.13669724770642197
0 0.7847477064220183 0.705045871559633 0.09839449541284412 0.1660550458715597
0 0.7544724770642202 0.8614678899082568 0.08600917431192656 0.13394495412844024
0 0.6278669724770642 0.9444954128440366 0.07775229357798175 0.11100917431192656
0 0.530160550458716 0.8871559633027526 0.1135321100917431 0.22568807339449506
0 0.3529816513761468 0.8944954128440367 0.07568807339449539 0.09541284403669721
0 0.2711009174311927 0.8596330275229359 0.10321100917431199 0.10275229357798167
0 0.15825688073394495 0.8004587155963303 0.08119266055045872 0.1
0 0.13967889908256884 0.30321100917431193 0.056422018348623856 0.10183486238532115
0 0.2119266055045872 0.2449541284403668 0.10183486238532087 0.14311926605504552
0 0.26181192660550456 0.28990825688073396 0.10389908256880734 0.1467889908256881
0 0.2721330275229358 0.10963302752293579 0.0915137614678899 0.12385321100917432
0 0.175802752293578 0.1559633027522936 0.09564220183486243 0.10275229357798167
