0 0.58669 0.07055 0.084492 0.124256
0 0.379473 0.180602 0.120226 0.186824
0 0.25837155963302755 0.2834862385321101 0.08600917431192663 0.15045871559633028
0 0.19162844036697246 0.2582568807339449 0.0708715596330275 0.12201834862385322
0 0.1444954128440367 0.2931192660550459 0.061926605504587166 0.07064220183486242
0 0.17305045871559635 0.1646788990825688 0.10940366972477063 0.11284403669724771
0 0.05470183486238533 0.46743119266055055 0.05160550458715596 0.059633027522935714
0 0.1647935779816514 0.8050458715596329 0.09977064220183487 0.09816513761467874
0 0.27935779816513767 0.8660550458715597 0.08119266055045869 0.11376146788990824
0 0.3454128440366972 0.8747706422018351 0.094954128440367 0.09816513761467903
0 0.6426605504587155 0.7495412844036697 0.12385321100917437 0.1688073394495413
0 0.778211009174312 0.7022935779816513 0.09082568807339442 0.11100917431192656
0 0.7606651376146789 0.8637614678899083 0.09288990825688061 0.09816513761467888
0 0.6299311926605509 0.9211009174311904 0.08463302752293583 0.10825688073394436
0 0.4905963302752294 0.06330275229357799 0.09770642201834862 0.12660550458715597
0 0.5955275229357798 0.5256880733944953 0.12866972477064217 0.1577981651376147
0 0.7740825688073394 0.2807339449541285 0.09908256880733944 0.11009174311926608
0 0.7699541284403669 0.4876146788990826 0.09908256880733944 0.16422018348623857
0 0.6801605504587155 0.4811926605504586 0.08050458715596323 0.1477064220183486
