0 0.7568807339449544 0.8541284403669726 0.09082568807339456 0.10458715596330279
0 0.7775229357798166 0.7087155963302751 0.09633027522935776 0.12018348623853214
0 0.6443807339449542 0.7591743119266056 0.12316513761467889 0.14403669724770637
0 0.6354357798165139 0.9142201834862401 0.0901376146788992 0.10733944954128467
0 0.7727064220183486 0.48440366972477056 0.09082568807339442 0.12293577981651381
0 0.6811926605504587 0.47247706422018354 0.10045871559633028 0.1486238532110091
0 0.7723623853211009 0.2720183486238532 0.09288990825688075 0.09999999999999996
0 0.5948394495412844 0.07522935779816514 0.09564220183486243 0.11743119266055047
0 0.4854357798165138 0.06880733944954129 0.08463302752293579 0.13761467889908258
0 0.3464449541284404 0.22110091743119267 0.07912844036697247 0.10825688073394496
0 0.26800458715596337 0.26192660550458713 0.083256880733945 0.12018348623853208
0 0.1954128440366973 0.2637614678899083 0.0701834862385321 0.1073394495412844
0 0.1455275229357798 0.29908256880733947 0.07224770642201836 0.07522935779816514
0 0.2676605504587156 0.11330275229357799 0.0963302752293578 0.12018348623853214
0 0.16961009174311925 0.163302752293578 0.07775229357798166 0.09357798165137617
0 0.10940366972477066 0.5706422018348624 0.05779816513761469 0.10825688073394503
0 0.0378440366972477 0.3931192660550459 0.057798165137614675 0.057798165137614745
0 0.1592889908256881 0.8059633027522934 0.09013761467889908 0.08532110091743121
0 0.27041284403669724 0.8454128440366973 0.07568807339449542 0.08532110091743121
0 0.3529816513761468 0.8889908256880734 0.09357798165137615 0.09724770642201833
