0 0.599041 0.081455 0.089173 0.12351200000000001
0 0.49575688073394497 0.054587155963302755 0.08876146788990823 0.10917431192660551
0 0.41112385321100914 0.09541284403669724 0.10802752293577975 0.08073394495412843
0 0.34747706422018354 0.21100917431192662 0.0798165137614679 0.12477064220183488
0 0.25768348623853216 0.2711009174311927 0.08738532110091743 0.17522935779816515
0 0.19885321100917439 0.2527522935779817 0.06467889908256882 0.09449541284403672
0 0.26697247706422017 0.11743119266055047 0.1073394495412844 0.10275229357798164
0 0.1592889908256881 0.1628440366972477 0.06811926605504588 0.07981651376146791
0 0.14793577981651376 0.2926605504587156 0.07155963302752294 0.06422018348623851
0 0.055389908256880734 0.3522935779816514 0.07775229357798166 0.06422018348623858
0 0.05470183486238533 0.47889908256880737 0.05160550458715596 0.06238532110091739
0 0.11662844036697248 0.5637614678899082 0.06536697247706423 0.10366972477064217
0 0.16204128440366972 0.8128440366972477 0.0915137614678899 0.09541284403669721
0 0.268348623853211 0.8435779816513761 0.0798165137614679 0.0724770642201834
0 0.3522935779816514 0.8944954128440367 0.07844036697247703 0.09724770642201847
0 0.6323394495412843 0.9192660550458714 0.08256880733944953 0.08623853211009176
0 0.7527522935779817 0.874770642201835 0.07155963302752298 0.09082568807339442
0 0.7813073394495413 0.7137614678899084 0.07637614678899084 0.1211009174311927
0 0.6457568807339448 0.7605504587155965 0.0997706422018352 0.14128440366972456
0 0.6780963302752295 0.48715596330275224 0.10665137614678878 0.16697247706422014
0 0.7702981651376147 0.4853211009174312 0.08876146788990838 0.13027522935779814
0 0.7771788990825673 0.27018348623853217 0.10665137614678893 0.09082568807339433
