0 0.386272 0.19615400000000002 0.11686100000000002 0.150969
0 0.48841900000000005 0.065692 0.06995 0.131384
0 0.586771 0.076625 0.080786 0.125528
0 0.26662844036697253 0.2830275229357798 0.09151376146788986 0.14220183486238536
0 0.19231651376146788 0.26192660550458713 0.08188073394495411 0.12018348623853208
0 0.14277522935779818 0.29495412844036695 0.06811926605504588 0.07431192660550458
0 0.16926605504587156 0.1665137614678899 0.09495412844036698 0.0853211009174312
0 0.05435779816513762 0.3018348623853211 0.07568807339449542 0.05137614678899087
0 0.04610091743119266 0.39082568807339446 0.06743119266055046 0.047706422018348606
0 0.057110091743119276 0.47844036697247705 0.05091743119266056 0.07247706422018346
0 0.219151376146789 0.6844036697247706 0.1231651376146789 0.11743119266055047
0 0.16066513761467888 0.8032110091743118 0.09977064220183485 0.09082568807339456
0 0.2704128440366973 0.8642201834862385 0.08394495412844037 0.09174311926605498
0 0.34575688073394495 0.874770642201835 0.08188073394495415 0.079816513761468
0 0.5669724770642202 0.39724770642201834 0.10045871559633021 0.21467889908256876
0 0.678440366972477 0.47752293577981647 0.10458715596330277 0.19174311926605506
0 0.7723623853211009 0.27981651376146793 0.10114678899082563 0.10825688073394492
0 0.7706422018348624 0.48944954128440366 0.09495412844036707 0.14036697247706414
0 0.7754587155963302 0.7110091743119266 0.09220183486238541 0.14128440366972483
0 0.7489678899082568 0.8669724770642202 0.07637614678899084 0.11376146788990824
0 0.6292431192660551 0.9220183486238531 0.0873853211009174 0.09357798165137624
0 0.6375 0.7564220183486237 0.11353211009174316 0.15137614678899097
