0 0.778211009174312 0.7041284403669724 0.09908256880733944 0.10917431192660544
0 0.755848623853211 0.8660550458715597 0.07775229357798154 0.12110091743119268
0 0.634059633027523 0.9155963302752294 0.11628440366972484 0.10458715596330279
0 0.6440366972477065 0.7422018348623854 0.1211009174311927 0.16697247706422033
0 0.6822247706422019 0.47293577981651375 0.10252293577981654 0.15504587155963306
0 0.7737385321100916 0.48486238532110093 0.1272935779816514 0.13669724770642197
0 0.7737385321100919 0.28256880733944956 0.10252293577981662 0.13211009174311925
0 0.5951834862385321 0.08256880733944955 0.10183486238532112 0.13944954128440368
0 0.48784403669724774 0.07522935779816514 0.09908256880733944 0.15045871559633028
0 0.34506880733944956 0.22064220183486238 0.07499999999999993 0.10917431192660551
0 0.2676605504587156 0.26513761467889907 0.08532110091743121 0.12110091743119267
0 0.19678899082568813 0.26330275229357797 0.07293577981651378 0.10275229357798167
0 0.26559633027522933 0.1238532110091743 0.10733944954128444 0.12660550458715597
0 0.1709862385321101 0.15504587155963304 0.09426605504587156 0.11559633027522935
0 0.14243119266055046 0.29862385321100915 0.0646788990825688 0.08532110091743121
0 0.056077981651376146 0.47339449541284395 0.05160550458715596 0.05871559633027523
0 0.020642201834862383 0.4527522935779817 0.03302752293577981 0.043119266055045805
0 0.10940366972477066 0.581651376146789 0.060550458715596334 0.11926605504587158
0 0.16100917431192663 0.8114678899082568 0.08256880733944953 0.09266055045871567
0 0.2728211009174312 0.856880733944954 0.0763761467889908 0.09724770642201819
0 0.3447247706422018 0.8761467889908263 0.08256880733944967 0.08807339449541292
