0 0.559914 0.192889 0.091576 0.244911
0 0.7782110091743119 0.286697247706422 0.11559633027522921 0.12568807339449534
0 0.7720183486238531 0.48440366972477067 0.10321100917431184 0.11559633027522928
0 0.6732798165137615 0.473394495412844 0.11490825688073386 0.17247706422018338
0 0.7792431192660552 0.7073394495412845 0.09977064220183479 0.13577981651376156
0 0.6385321100917432 0.7472477064220183 0.12935779816513765 0.15504587155963293
0 0.6326834862385321 0.9128440366972478 0.08325688073394502 0.11926605504587158
0 0.7575688073394495 0.8733944954128441 0.08944954128440372 0.11376146788990824
0 0.3481651376146789 0.8724770642201836 0.07981651376146787 0.09174311926605498
0 0.26903669724770646 0.8559633027522936 0.08532110091743121 0.10091743119266056
0 0.15963302752293576 0.8036697247706419 0.08394495412844033 0.08440366972477065
0 0.1451834862385321 0.29541284403669726 0.07293577981651374 0.06972477064220182
0 0.19541284403669723 0.24633027522935783 0.0688073394495413 0.10550458715596331
0 0.2569954128440369 0.26284403669724765 0.07362385321100928 0.14954128440366976
0 0.3419724770642202 0.2188073394495413 0.10458715596330276 0.10183486238532112
0 0.26766055045871545 0.1188073394495413 0.10321100917431213 0.11834862385321103
0 0.1665137614678899 0.15412844036697249 0.08669724770642201 0.09357798165137615
0 0.4892201834862385 0.07385321100917432 0.07155963302752291 0.14770642201834863
0 0.598967889908257 0.06192660550458716 0.08188073394495418 0.12385321100917432
