0 0.268371 0.116035 0.076926 0.135002
0 0.343359 0.179812 0.085601 0.187059
0 0.27178899082568786 0.26651376146788985 0.09220183486238522 0.10733944954128448
0 0.2009174311926606 0.26559633027522933 0.07981651376146791 0.09816513761467903
0 0.14311926605504588 0.30688073394495413 0.056422018348623856 0.1073394495412844
0 0.1716743119266055 0.163302752293578 0.09564220183486237 0.09541284403669727
0 0.4912844036697248 0.06605504587155964 0.094954128440367 0.13211009174311927
0 0.5913990825688075 0.08302752293577981 0.09839449541284412 0.14403669724770643
0 0.7702981651376148 0.27522935779816493 0.09977064220183474 0.08256880733944985
0 0.7747706422018349 0.48853211009174297 0.10733944954128413 0.13119266055045875
0 0.6798165137614682 0.4706422018348622 0.10183486238532023 0.1486238532110092
0 0.7785550458715597 0.7096330275229357 0.10114678899082563 0.1256880733944955
0 0.6364678899082569 0.748623853211009 0.11697247706422019 0.1541284403669725
0 0.6354357798165138 0.9504587155963303 0.09839449541284409 0.09908256880733944
0 0.7541284403669724 0.8711009174311926 0.08807339449541289 0.08532110091743121
0 0.49747706422018356 0.85 0.10871559633027524 0.2596330275229359
0 0.35091743119266056 0.8738532110091742 0.08669724770642201 0.09082568807339456
0 0.26869266055045876 0.8321100917431192 0.08188073394495415 0.07706422018348633
0 0.16169724770642205 0.8091743119266056 0.08807339449541281 0.089908256880734
