0 0.49503299999999995 0.817504 0.085667 0.2584
0 0.34386799999999973 0.19896577064220186 0.08777799999999994 0.14774045871559627
0 0.58749 0.073667 0.085442 0.120182
0 0.49231651376146796 0.06192660550458716 0.09977064220183493 0.12385321100917432
0 0.2797018348623853 0.1073394495412844 0.09701834862385322 0.12660550458715597
0 0.26490825688073394 0.27981651376146793 0.08256880733944953 0.15229357798165144
0 0.19610091743119265 0.2495412844036697 0.07706422018348624 0.13394495412844037
0 0.1482798165137615 0.2972477064220183 0.08188073394495414 0.06972477064220182
0 0.1665137614678899 0.15688073394495416 0.10871559633027526 0.10642201834862386
0 0.2188073394495413 0.6926605504587157 0.11146788990825687 0.09174311926605498
0 0.1551605504587156 0.8123853211009174 0.09977064220183487 0.10183486238532112
0 0.2817660550458716 0.8573394495412845 0.0736238532110092 0.10733944954128447
0 0.35401376146788993 0.8743119266055046 0.08463302752293579 0.08990825688073385
0 0.6395642201834862 0.741743119266055 0.13279816513761475 0.16605504587155961
0 0.7737385321100919 0.6990825688073393 0.09977064220183493 0.12293577981651381
0 0.7506880733944955 0.8701834862385323 0.08944954128440372 0.09449541284403679
0 0.6313073394495413 0.9243119266055047 0.08463302752293593 0.10733944954128433
0 0.6787844036697248 0.47660550458715606 0.10252293577981648 0.1568807339449541
0 0.7723623853211009 0.49311926605504586 0.09288990825688073 0.15688073394495405
0 0.7751146788990826 0.27706422018348625 0.09288990825688075 0.14311926605504585
