0 0.3533382201834862 0.22539621100917429 0.06689427522935788 0.1181535045871559
0 0.29827838532110096 0.15537599082568804 0.09705081651376139 0.09377284403669735
0 0.26387614678899074 0.27385321100917426 0.10389908256880717 0.14587155963302742
0 0.48715596330275235 0.0775229357798165 0.0977064220183486 0.155045871559633
0 0.16513761467889906 0.28256880733944956 0.07706422018348622 0.07522935779816507
0 0.17545871559633028 0.1651376146788991 0.10871559633027524 0.10642201834862386
0 0.08394495412844037 0.28532110091743124 0.11972477064220186 0.08990825688073396
0 0.04541284403669725 0.35366972477064224 0.08532110091743121 0.05596330275229356
0 0.04094036697247707 0.3866972477064219 0.08188073394495414 0.06880733944954125
0 0.10424311926605505 0.5825688073394495 0.08325688073394495 0.13577981651376148
0 0.16823394495412847 0.8077981651376146 0.08600917431192663 0.12201834862385326
0 0.27488532110091746 0.8692660550458716 0.06949541284403672 0.12752293577981647
0 0.3547018348623853 0.891743119266055 0.08876146788990823 0.10642201834862376
0 0.6223623853211009 0.9527522935779816 0.0763761467889909 0.09449541284403679
0 0.7530963302752294 0.8747706422018348 0.07224770642201833 0.10183486238532126
0 0.8057339449541285 0.643119266055046 0.08807339449541289 0.07889908256880744
0 0.6485091743119269 0.7637614678899081 0.11077981651376112 0.15137614678899047
0 0.7737385321100919 0.5045871559633028 0.11077981651376163 0.14311926605504588
