0 0.598879 0.08253500000000001 0.087796 0.127152
0 0.34242100000000003 0.18110799999999996 0.08769200000000002 0.185657
0 0.48505500000000007 0.067098 0.076139 0.134196
0 0.4042431192660554 0.09449541284403669 0.0997706422018348 0.09724770642201831
0 0.27591743119266054 0.12385321100917432 0.08807339449541281 0.13027522935779817
0 0.26112385321100917 0.2756880733944954 0.09013761467889911 0.1587155963302752
0 0.20298165137614677 0.2444954128440366 0.05779816513761474 0.10733944954128433
0 0.169954128440367 0.16146788990825686 0.08669724770642198 0.091743119266055
0 0.15172018348623856 0.2926605504587156 0.07637614678899085 0.08440366972477065
0 0.06330275229357799 0.3357798165137615 0.07293577981651377 0.12293577981651374
0 0.053669724770642205 0.4756880733944955 0.0536697247706422 0.07064220183486239
0 0.11594036697247699 0.5756880733944955 0.07499999999999984 0.14403669724770685
0 0.21467889908256887 0.6802752293577982 0.09770642201834864 0.13302752293577982
0 0.15722477064220183 0.8082568807339449 0.09013761467889907 0.08990825688073385
0 0.26559633027522933 0.8440366972477065 0.08119266055045873 0.07706422018348633
0 0.3495412844036697 0.8866972477064219 0.08807339449541285 0.09633027522935805
0 0.638876146788991 0.7504587155963307 0.13142201834862371 0.1357798165137614
0 0.777178899082569 0.7082568807339449 0.0901376146788992 0.12293577981651369
0 0.7568807339449541 0.8775229357798164 0.07844036697247703 0.1275229357798166
0 0.6295871559633026 0.9206422018348626 0.08807339449541299 0.09816513761467853
0 0.7716743119266056 0.4807339449541284 0.09426605504587159 0.13394495412844037
0 0.6777522935779817 0.4876146788990826 0.09770642201834867 0.1568807339449541
0 0.7771788990825687 0.27339449541284394 0.099770642201835 0.08990825688073381
