0 0.554272 0.112323 0.076314 0.224329
0 0.731468 0.154946 0.108313 0.171499
0 0.38190699999999994 0.19030000000000002 0.10299 0.162495
0 0.32513600000000004 0.109604 0.08209300000000001 0.146951
0 0.6246351192660552 0.9441177247706419 0.07283189908256832 0.11176455045871497
0 0.26091200000000003 0.10955500000000001 0.056589 0.113444
0 0.7634174311926606 0.8541284403669726 0.09426605504587159 0.15229357798165125
0 0.7919724770642201 0.6674311926605505 0.08394495412844037 0.14036697247706428
0 0.6440366972477065 0.7513761467889908 0.11559633027522935 0.15963302752293573
0 0.7186926605504587 0.6876146788990826 0.14931192660550466 0.16055045871559634
0 0.4813073394495413 0.06926605504587156 0.08188073394495404 0.13853211009174313
0 0.26284403669724776 0.29220183486238527 0.10733944954128447 0.15871559633027507
0 0.19334862385321103 0.2628440366972477 0.06743119266055043 0.10366972477064217
0 0.14724770642201837 0.28761467889908254 0.07293577981651377 0.08715596330275226
0 0.17924311926605505 0.16009174311926608 0.09839449541284406 0.11284403669724768
0 0.04610091743119266 0.37706422018348623 0.07568807339449542 0.0788990825688073
0 0.1613532110091743 0.8022935779816516 0.09564220183486238 0.08715596330275233
0 0.27522935779816515 0.8587155963302752 0.08119266055045869 0.11376146788990824
0 0.3443807339449541 0.891743119266055 0.07912844036697245 0.10825688073394488
