0 0.11559633027522938 0.6770642201834863 0.09908256880733948 0.10642201834862376
0 0.2181192660550459 0.7174311926605503 0.11422018348623855 0.09357798165137624
0 0.1496559633027523 0.8045871559633028 0.0956422018348624 0.09174311926605512
0 0.2673165137614679 0.863302752293578 0.06811926605504588 0.08990825688073385
0 0.3436926605504586 0.8738532110091742 0.077752293577982 0.10550458715596375
0 0.6409403669724771 0.7545871559633028 0.11490825688073401 0.1642201834862385
0 0.7713302752293579 0.7096330275229357 0.09770642201834862 0.15137614678899083
0 0.7589449541284403 0.8646788990825689 0.0922018348623854 0.12018348623853214
0 0.6344036697247707 0.9256880733944953 0.08944954128440365 0.1009174311926607
0 0.6777522935779817 0.4825688073394496 0.10321100917431188 0.17247706422018352
0 0.7761467889908258 0.48486238532110093 0.110091743119266 0.1477064220183486
0 0.7740825688073394 0.2811926605504587 0.10321100917431185 0.11284403669724764
0 0.5920871559633026 0.0775229357798165 0.0901376146788992 0.155045871559633
0 0.485091743119266 0.07339449541284403 0.09082568807339456 0.14678899082568803
0 0.3498853211009174 0.21422018348623856 0.09013761467889912 0.13669724770642205
0 0.2700688073394497 0.11697247706422012 0.08876146788990814 0.13302752293577993
0 0.2652522935779817 0.26284403669724776 0.09701834862385322 0.13486238532110095
0 0.19369266055045872 0.26788990825688075 0.07637614678899085 0.11192660550458715
0 0.169954128440367 0.17018348623853213 0.09770642201834864 0.1165137614678899
0 0.1448394495412844 0.30275229357798167 0.07087155963302755 0.08256880733944957
0 0.05229357798165138 0.35183486238532113 0.08256880733944953 0.06513761467889907
0 0.041628440366972476 0.3922018348623853 0.08188073394495414 0.06513761467889907
0 0.05538990825688073 0.4788990825688073 0.06399082568807339 0.07522935779816507
