0 0.59051 0.06853 0.076964 0.124065
0 0.48587600000000003 0.066243 0.075831 0.132485
0 0.267515 0.118552 0.080997 0.134531
0 0.35126146788990825 0.20091743119266056 0.08600917431192663 0.12477064220183486
0 0.2600917431192661 0.29082568807339454 0.0963302752293578 0.144954128440367
0 0.19472477064220187 0.2775229357798167 0.07568807339449533 0.10366972477064261
0 0.14483944954128442 0.30321100917431193 0.04472477064220182 0.0963302752293578
0 0.1795871559633028 0.16100917431192663 0.09220183486238537 0.11284403669724771
0 0.7713302752293578 0.2743119266055046 0.09770642201834848 0.09541284403669728
0 0.7768348623853211 0.48486238532110093 0.10321100917431196 0.12201834862385319
0 0.6756880733944953 0.4724770642201835 0.1087155963302753 0.14678899082568805
0 0.7733944954128441 0.7 0.09082568807339456 0.11743119266055047
0 0.7561926605504588 0.8733944954128441 0.08119266055045869 0.10275229357798167
0 0.6371559633027524 0.9481651376146789 0.11009174311926608 0.10366972477064224
0 0.6399082568807338 0.7582568807339449 0.12110091743119263 0.14587155963302748
0 0.49850917431192654 0.8454128440366973 0.09977064220183486 0.2596330275229357
0 0.3488532110091744 0.8793577981651376 0.07431192660550458 0.08532110091743121
0 0.2659403669724771 0.8408256880733945 0.09426605504587159 0.079816513761468
0 0.16032110091743118 0.8050458715596329 0.09770642201834862 0.09266055045871567
0 0.041628440366972476 0.37614678899082576 0.07912844036697247 0.07339449541284403
