0 0.5950030000000001 0.077932 0.078482 0.126859
0 0.4936926605504588 0.06926605504587156 0.08600917431192656 0.13853211009174313
0 0.7702981651376151 0.2724770642201835 0.0997706422018349 0.10825688073394506
0 0.7730504587155965 0.48807339449541287 0.08738532110091754 0.1321100917431192
0 0.678440366972477 0.48302752293577983 0.09633027522935776 0.17339449541284402
0 0.7813073394495411 0.7009174311926607 0.098394495412844 0.11926605504587119
0 0.7537844036697247 0.8688073394495411 0.0873853211009178 0.09357798165137632
0 0.631651376146789 0.9201834862385322 0.0784403669724771 0.10091743119266056
0 0.6354357798165138 0.7545871559633028 0.1314220183486239 0.14036697247706414
0 0.3481651376146789 0.21192660550458714 0.07981651376146787 0.12110091743119263
0 0.2580275229357798 0.26605504587155965 0.10183486238532108 0.16513761467889906
0 0.27247706422018353 0.12706422018348626 0.09770642201834864 0.13119266055045872
0 0.1771788990825688 0.17110091743119266 0.08738532110091747 0.10366972477064222
0 0.09185779816513762 0.2509174311926606 0.0915137614678899 0.09082568807339449
0 0.14346330275229355 0.29770642201834857 0.09151376146788989 0.07064220183486236
0 0.04954128440366972 0.47614678899082563 0.0701834862385321 0.07522935779816514
0 0.11662844036697248 0.5711009174311926 0.06261467889908257 0.12201834862385326
0 0.1548165137614679 0.8050458715596329 0.07706422018348624 0.08899082568807344
0 0.26525229357798163 0.8454128440366973 0.08050458715596327 0.07064220183486256
0 0.3512614678899083 0.8811926605504588 0.08738532110091747 0.0834862385321101
