0 0.38007099999999994 0.196329 0.099747 0.1527
0 0.48784403669724774 0.06834862385321101 0.09220183486238524 0.13669724770642203
0 0.7775229357798165 0.2738532110091743 0.09082568807339456 0.09082568807339449
0 0.7692660550458715 0.4862385321100917 0.09908256880733944 0.14128440366972483
0 0.7881880733944948 0.6784403669724771 0.07499999999999996 0.13119266055045872
0 0.7637614678899083 0.8642201834862385 0.08669724770642205 0.14495412844036706
0 0.6244266055045871 0.946788990825688 0.090137614678899 0.10642201834862391
0 0.5776376146788992 0.611467889908257 0.12178899082568805 0.18073394495412848
0 0.2772935779816514 0.11559633027522938 0.0908256880733945 0.1284403669724771
0 0.2590596330275229 0.28807339449541286 0.09564220183486238 0.1577981651376147
0 0.1971330275229358 0.26330275229357797 0.06811926605504588 0.10091743119266056
0 0.15068807339449541 0.3041284403669725 0.06743119266055046 0.09449541284403669
0 0.1238532110091743 0.2114678899082569 0.09082568807339449 0.08715596330275228
0 0.17408256880733944 0.15275229357798165 0.09220183486238537 0.10183486238532109
0 0.16238532110091744 0.8160550458715596 0.08394495412844037 0.1
0 0.27522935779816515 0.8646788990825689 0.07431192660550458 0.11467889908256879
0 0.34403669724770636 0.8958715596330274 0.06605504587155962 0.09266055045871553
