0 0.34889400000000004 0.208038 0.076058 0.128676
0 0.5009174311926605 0.11238532110091745 0.09220183486238534 0.2247706422018349
0 0.767545871559633 0.27706422018348625 0.09839449541284412 0.10642201834862387
0 0.7723623853211009 0.4811926605504587 0.10527522935779814 0.13669724770642191
0 0.7809633027522936 0.7027522935779816 0.09633027522935776 0.11192660550458712
0 0.759288990825688 0.8688073394495412 0.07775229357798168 0.08623853211009162
0 0.6333715596330276 0.9481651376146789 0.10252293577981654 0.10366972477064224
0 0.3488532110091744 0.8738532110091742 0.07981651376146794 0.0834862385321101
0 0.2735091743119266 0.8600917431192662 0.07775229357798163 0.09633027522935791
0 0.15756880733944956 0.8055045871559634 0.08119266055045875 0.10458715596330279
0 0.14346330275229358 0.2926605504587156 0.07087155963302752 0.10091743119266056
0 0.19954128440366972 0.2775229357798165 0.05779816513761471 0.1110091743119266
0 0.2662844036697249 0.2779816513761468 0.09082568807339442 0.12477064220183479
0 0.2755733944954129 0.11238532110091742 0.09013761467889911 0.12568807339449542
0 0.17373853211009177 0.16146788990825686 0.08738532110091744 0.09541284403669724
