0 0.34811099999999995 0.205653 0.07753 0.134248
0 0.27359999999999973 0.25432288073394493 0.08043499999999995 0.13763723853211013
0 0.48388 0.067053 0.08174299999999998 0.134105
0 0.270688 0.12290099999999998 0.084254 0.142478
0 0.20126146788990826 0.2573394495412844 0.08325688073394495 0.1201834862385321
0 0.14793577981651373 0.2899082568807339 0.07706422018348624 0.08623853211009173
0 0.1751146788990826 0.16788990825688074 0.10665137614678902 0.08807339449541284
0 0.04541284403669725 0.3701834862385321 0.08394495412844037 0.07798165137614674
0 0.16754587155963305 0.8146788990825687 0.09426605504587159 0.09908256880733944
0 0.276605504587156 0.8660550458715597 0.08119266055045873 0.11743119266055047
0 0.3526376146788991 0.8779816513761467 0.08050458715596331 0.09908256880733944
0 0.5170871559633029 0.8857798165137615 0.09426605504587159 0.22844036697247702
0 0.6209862385321101 0.9481651376146789 0.07362385321100923 0.10366972477064224
0 0.7524082568807341 0.8715596330275228 0.08188073394495347 0.08256880733944967
0 0.7713302752293578 0.7087155963302751 0.10458715596330265 0.11100917431192656
0 0.7720183486238532 0.48715596330275224 0.11559633027522921 0.13944954128440357
0 0.7678899082568807 0.27706422018348625 0.08944954128440372 0.10825688073394492
