0 0.591889 0.069745 0.075307 0.126958
0 0.34394699999999995 0.20153421100917426 0.08625399999999997 0.13606957798165134
0 0.4881880733944955 0.07522935779816514 0.09977064220183486 0.14862385321100918
0 0.28383027522935783 0.11697247706422019 0.09564220183486243 0.1311926605504587
0 0.2669724770642198 0.28256880733944956 0.08944954128440358 0.15045871559633023
0 0.19988532110091747 0.2509174311926606 0.09013761467889908 0.12935779816513762
0 0.14724770642201837 0.27844036697247704 0.06605504587155962 0.08715596330275226
0 0.17958715596330277 0.16376146788990828 0.11146788990825689 0.10183486238532112
0 0.05951834862385322 0.3408256880733946 0.07500000000000001 0.08715596330275233
0 0.037155963302752296 0.3958715596330275 0.05779816513761468 0.06880733944954123
0 0.16341743119266056 0.8119266055045873 0.08463302752293579 0.08623853211009176
0 0.2714449541284404 0.8637614678899084 0.08188073394495411 0.09266055045871567
0 0.34782110091743124 0.8729357798165138 0.08325688073394492 0.08715596330275219
0 0.49334862385321104 0.810091743119266 0.1073394495412844 0.2422018348623854
0 0.6412844036697248 0.7527522935779817 0.13073394495412857 0.13302752293577982
0 0.7672018348623854 0.7036697247706423 0.1087155963302753 0.1211009174311927
0 0.7541284403669725 0.8669724770642202 0.08944954128440372 0.09357798165137624
0 0.6330275229357798 0.9174311926605506 0.09770642201834867 0.10275229357798153
0 0.675 0.47935779816513757 0.11834862385321093 0.15871559633027524
0 0.7727064220183487 0.476605504587156 0.10733944954128433 0.13302752293577982
0 0.7727064220183487 0.27706422018348625 0.08807339449541289 0.09357798165137612
