0 0.3640959999999999 0.20036920183486234 0.12863099999999997 0.14147159633027515
0 0.761342 0.23392 0.099836 0.130064
0 0.4864678899082573 0.06513761467889909 0.10458715596330287 0.13027522935779817
0 0.7672018348623854 0.481651376146789 0.10321100917431196 0.1541284403669725
0 0.7847477064220183 0.7022935779816514 0.0873853211009174 0.1697247706422018
0 0.7534403669724771 0.8605504587155963 0.08394495412844023 0.14495412844036693
0 0.6285550458715596 0.9454128440366972 0.08325688073394488 0.10917431192660558
0 0.34506880733944956 0.8940366972477064 0.06674311926605504 0.0889908256880733
0 0.27488532110091746 0.8573394495412845 0.09288990825688075 0.1036697247706421
0 0.15447247706422018 0.8068807339449541 0.09564220183486237 0.11100917431192656
0 0.14071100917431192 0.30550458715596335 0.06261467889908257 0.09724770642201834
0 0.2146788990825688 0.24587155963302754 0.10458715596330276 0.12660550458715597
0 0.256651376146789 0.294954128440367 0.10596330275229363 0.14954128440366973
0 0.1702981651376147 0.1628440366972477 0.10114678899082571 0.0926605504587156
0 0.27006880733944955 0.11376146788990826 0.09426605504587153 0.11009174311926605
