0 0.371335 0.180383 0.132968 0.183025
0 0.4895642201834863 0.06788990825688074 0.10252293577981647 0.13577981651376148
0 0.5315366972477065 0.8412844036697248 0.1204128440366972 0.26238532110091756
0 0.6223623853211009 0.9472477064220183 0.075 0.10550458715596335
0 0.7469036697247705 0.8665137614678897 0.08463302752293586 0.13853211009174302
0 0.7720183486238532 0.7073394495412845 0.09082568807339442 0.10825688073394488
0 0.7692660550458718 0.48440366972477056 0.110091743119266 0.14495412844036693
0 0.7751146788990826 0.24357798165137617 0.09701834862385311 0.11467889908256879
0 0.27316513761467887 0.11834862385321103 0.08669724770642201 0.12477064220183486
0 0.26559633027522933 0.2711009174311927 0.08532110091743117 0.13302752293577985
0 0.19575688073394495 0.28715596330275234 0.06811926605504588 0.1376146788990826
0 0.14311926605504588 0.3004587155963303 0.04954128440366972 0.08715596330275228
0 0.1813073394495413 0.1568807339449541 0.10527522935779818 0.11009174311926605
0 0.1551605504587156 0.8068807339449542 0.08188073394495414 0.08532110091743107
0 0.27935779816513756 0.8646788990825689 0.07706422018348622 0.10733944954128433
0 0.3591743119266056 0.9142201834862387 0.06330275229357803 0.12935779816513723
