0 0.36195100000000024 0.20126091743119265 0.12196999999999997 0.14054216513761464
0 0.48371559633027517 0.06376146788990825 0.09770642201834867 0.12752293577981652
0 0.7713302752293578 0.2738532110091743 0.10183486238532112 0.10366972477064217
0 0.769954128440367 0.4880733944954128 0.10596330275229363 0.13394495412844037
0 0.775802752293578 0.7018348623853211 0.0915137614678899 0.10642201834862391
0 0.7603211009174312 0.861467889908257 0.07568807339449535 0.10642201834862391
0 0.6275229357798167 0.9490825688073394 0.08669724770642212 0.10183486238532112
0 0.27385321100917437 0.10917431192660551 0.08944954128440369 0.12110091743119268
0 0.2728211009174312 0.26238532110091745 0.07912844036697247 0.14495412844036695
0 0.1954128440366972 0.2821100917431191 0.08256880733944966 0.11834862385321095
0 0.14243119266055046 0.2839449541284404 0.056422018348623836 0.07614678899082566
0 0.1761467889908257 0.1651376146788991 0.0908256880733945 0.09908256880733946
0 0.16169724770642205 0.8073394495412844 0.08807339449541285 0.10642201834862376
0 0.2728211009174312 0.8692660550458716 0.0873853211009174 0.11284403669724781
0 0.34506880733944956 0.8779816513761469 0.09013761467889907 0.08256880733944967
