0 0.344474 0.21065800000000004 0.08438600000000002 0.126894
0 0.560091743119266 0.21513761467889908 0.09770642201834862 0.25596330275229356
0 0.4788990825688074 0.06284403669724771 0.09633027522935783 0.12568807339449542
0 0.7706422018348624 0.2775229357798165 0.09908256880733944 0.10183486238532112
0 0.7747706422018348 0.4857798165137615 0.1087155963302753 0.1238532110091743
0 0.7751146788990826 0.7087155963302751 0.10114678899082577 0.10733944954128433
0 0.7561926605504588 0.870183486238532 0.07293577981651382 0.09082568807339456
0 0.6254587155963304 0.9509174311926606 0.11559633027522935 0.09816513761467888
0 0.34472477064220186 0.8761467889908258 0.0784403669724771 0.08073394495412842
0 0.2738532110091743 0.8610091743119267 0.08119266055045869 0.10733944954128433
0 0.16204128440366972 0.7977064220183487 0.0915137614678899 0.08715596330275233
0 0.1451834862385321 0.2981651376146789 0.06605504587155962 0.10275229357798164
0 0.19988532110091742 0.2738532110091743 0.05986238532110093 0.11467889908256879
0 0.26077981651376125 0.2775229357798164 0.07431192660550452 0.11651376146789014
0 0.2776376146788991 0.11284403669724771 0.08876146788990823 0.11743119266055047
0 0.18061926605504589 0.1665137614678899 0.0956422018348624 0.09816513761467892
