0 0.36495 0.19523276146788987 0.12769799999999998 0.15136547706422013
0 0.07672018348623853 0.26605504587155965 0.09701834862385322 0.08990825688073394
0 0.17683486238532112 0.16422018348623854 0.0963302752293578 0.09908256880733946
0 0.14793577981651376 0.30779816513761465 0.04816513761467891 0.1
0 0.21158256880733944 0.2495412844036697 0.09701834862385321 0.13577981651376142
0 0.2569954128440367 0.2931192660550459 0.1025229357798165 0.15137614678899083
0 0.27763761467889914 0.11788990825688074 0.08188073394495415 0.1220183486238532
0 0.4857798165137615 0.06697247706422019 0.10045871559633028 0.13394495412844037
0 0.7706422018348624 0.25321100917431194 0.09633027522935776 0.11743119266055047
0 0.772362385321101 0.48899082568807345 0.11490825688073401 0.1504587155963302
0 0.7802752293577983 0.7 0.08669724770642205 0.1853211009174312
0 0.7524082568807339 0.8596330275229357 0.07912844036697252 0.13577981651376148
0 0.6240825688073395 0.9449541284403671 0.07568807339449535 0.110091743119266
0 0.5483944954128441 0.8201834862385321 0.12247706422018347 0.23853211009174316
0 0.3464449541284404 0.8944954128440367 0.06949541284403672 0.09357798165137624
0 0.2745412844036697 0.865137614678899 0.08119266055045873 0.10825688073394488
0 0.15825688073394495 0.8073394495412844 0.10183486238532109 0.11559633027522935
