0 0.3086439908256882 0.13819945871559638 0.07732195412844008 0.11558664220183484
0 0.6190970550458722 0.9485048394495397 0.07192041284403507 0.1029903211009146
0 0.3540137614678897 0.20504587155963303 0.06811926605504584 0.13669724770642203
0 0.2697247706422019 0.26330275229357797 0.10045871559633028 0.1192660550458716
0 0.15275229357798165 0.294954128440367 0.06743119266055045 0.07614678899082566
0 0.16857798165137616 0.16926605504587158 0.0908256880733945 0.10000000000000002
0 0.2580275229357798 0.10321100917431192 0.05642201834862387 0.1036697247706422
0 0.4837155963302752 0.07110091743119265 0.11284403669724767 0.1422018348623853
0 0.7692660550458715 0.5041284403669725 0.10183486238532112 0.1128440366972476
0 0.7981651376146789 0.6518348623853211 0.06743119266055046 0.09082568807339449
0 0.7524082568807341 0.8715596330275229 0.07637614678899084 0.15779816513761474
0 0.6426605504587157 0.7587155963302753 0.11422018348623858 0.17247706422018352
0 0.34506880733944956 0.9142201834862387 0.08876146788990823 0.11651376146789005
0 0.27626146788990824 0.8587155963302752 0.0763761467889908 0.10825688073394488
0 0.15688073394495414 0.8045871559633028 0.09770642201834864 0.11009174311926614
0 0.10630733944954128 0.5821100917431192 0.08463302752293579 0.13302752293577974
0 0.060894495412844044 0.3165137614678899 0.07912844036697247 0.08256880733944953
0 0.03990825688073392 0.38440366972477064 0.07431192660550454 0.07339449541284411
